9 0.27285714285714285 0.49722222222222223 0.04285714285714286 0.13333333333333333
9 0.5585714285714286 0.5666666666666667 0.032857142857142856 0.11666666666666667
9 0.31 0.5555555555555556 0.02142857142857143 0.11388888888888889
9 0.34714285714285714 0.5472222222222223 0.03 0.1388888888888889
9 0.38857142857142857 0.5888888888888889 0.025714285714285714 0.13055555555555556
9 0.4642857142857143 0.55 0.02857142857142857 0.11388888888888889
9 0.5042857142857143 0.5333333333333333 0.032857142857142856 0.10555555555555556
9 0.6657142857142857 0.6027777777777777 0.02142857142857143 0.09722222222222222
9 0.7014285714285714 0.5583333333333333 0.022857142857142857 0.08333333333333333
9 0.7357142857142858 0.5472222222222223 0.017142857142857144 0.07777777777777778
8 0.6642299114285715 0.513671875 0.6597098214285714 0.5244140611111111 0.6597098214285714 0.5439453111111111 0.6536830357142858 0.5556640611111111 0.6506696428571429 0.5849609388888889 0.6516741071428571 0.6259765611111111 0.6587053571428572 0.6474609388888889 0.6597098214285714 0.7099609388888889 0.6657366071428571 0.7138671888888889 0.6737723214285715 0.6650390611111111 0.6737723214285715 0.6337890611111111 0.6808035714285714 0.6162109388888889 0.6767857142857143 0.5908203111111111 0.6818080357142857 0.5771484388888889 0.6707589285714286 0.5419921888888889 0.6697544642857143 0.5185546888888889 0.6642299114285715 0.513671875
8 0.27198660714285716 0.3798828111111111 0.27198660714285716 0.4189453111111111 0.26746651714285713 0.431640625 0.25792410714285713 0.4404296888888889 0.24787946428571428 0.4951171888888889 0.24888392857142858 0.5263671888888889 0.25892857142857145 0.5693359388888889 0.25892857142857145 0.6591796888888889 0.24486607142857142 0.7255859388888889 0.24386160714285715 0.7431640611111111 0.24888392857142858 0.7802734388888889 0.25842634 0.791015625 0.2609375 0.7822265611111111 0.2609375 0.7275390611111111 0.27248884 0.685546875 0.2739955357142857 0.7919921888888889 0.28805803571428573 0.7939453111111111 0.29207589285714286 0.5693359388888889 0.2981026785714286 0.5498046888888889 0.3001116071428571 0.4912109388888889 0.2970982142857143 0.4541015611111111 0.28805803571428573 0.4287109388888889 0.2870535714285714 0.3779296888888889 0.27751116 0.369140625 0.27198660714285716 0.3798828111111111