9 0.27285714285714285 0.49722222222222223 0.04357142857142857 0.13402777777777777
9 0.5585714285714286 0.5666666666666667 0.03785714285714286 0.12222222222222222
2 0.2671428571428571 0.37777777777777777 0.04357142857142857 0.07222222222222222
9 0.31 0.5555555555555556 0.0225 0.11180555555555556
9 0.34714285714285714 0.5472222222222223 0.0375 0.14375
9 0.38857142857142857 0.5888888888888889 0.033928571428571426 0.13402777777777777
9 0.4642857142857143 0.55 0.02892857142857143 0.11180555555555556
9 0.5042857142857143 0.5333333333333333 0.03214285714285714 0.10555555555555556
9 0.6657142857142857 0.6027777777777777 0.027857142857142858 0.09930555555555555
9 0.7014285714285714 0.5583333333333333 0.023214285714285715 0.08333333333333333
9 0.7357142857142858 0.5472222222222223 0.019642857142857142 0.07847222222222222
8 0.27285714285714285 0.575 0.04357142857142857 0.46111111111111114
6 0.2842857142857143 0.39444444444444443 0.030714285714285715 0.11041666666666666
6 0.31142857142857144 0.46111111111111114 0.031785714285714285 0.07152777777777777
6 0.3514285714285714 0.4444444444444444 0.026071428571428572 0.07777777777777778
6 0.38857142857142857 0.48333333333333334 0.03142857142857143 0.07152777777777777
6 0.4142857142857143 0.4666666666666667 0.037142857142857144 0.06180555555555556
6 0.6628571428571428 0.525 0.026071428571428572 0.05625
6 0.7014285714285714 0.49722222222222223 0.022857142857142857 0.06111111111111111
6 0.7342857142857143 0.4861111111111111 0.022857142857142857 0.050694444444444445
6 0.5057142857142857 0.44722222222222224 0.023214285714285715 0.07083333333333333
6 0.5442857142857143 0.4583333333333333 0.0175 0.08263888888888889
6 0.5628571428571428 0.49444444444444446 0.037142857142857144 0.07916666666666666