9 0.27285714285714285 0.49722222222222223 0.045714285714285714 0.1375
9 0.5585714285714286 0.5666666666666667 0.03964285714285714 0.12222222222222222
9 0.31 0.5555555555555556 0.022857142857142857 0.1125
9 0.34714285714285714 0.5472222222222223 0.03964285714285714 0.14375
9 0.38857142857142857 0.5888888888888889 0.027857142857142858 0.1326388888888889
9 0.4642857142857143 0.55 0.033928571428571426 0.11666666666666667
9 0.5042857142857143 0.5333333333333333 0.03642857142857143 0.10972222222222222
9 0.6657142857142857 0.6027777777777777 0.022857142857142857 0.09513888888888888
9 0.7014285714285714 0.5583333333333333 0.02642857142857143 0.08472222222222223
9 0.7357142857142858 0.5472222222222223 0.02035714285714286 0.07847222222222222
8 0.6582569114285715 0.5194753583333334 0.6522889571428571 0.5173363555555556 0.6492396428571429 0.5298857194444444 0.6516696614285714 0.5488368083333334 0.6472799085714286 0.5630424833333333 0.6480010557142857 0.5928866305555556 0.6540787228571429 0.6322114083333333 0.6635741357142857 0.6497500833333334 0.6723248242857143 0.7099210611111111 0.6786585928571428 0.7108762583333333 0.68 0.6710246222222221 0.68 0.6567505805555556 0.6764925328571428 0.6293967638888889 0.68 0.6139882361111111 0.68 0.6053980166666667 0.6740703742857143 0.5862868583333333 0.6772424971428571 0.5706585805555555 0.6621475614285715 0.5417441611111111 0.6582569114285715 0.5194753583333334
8 0.2954101257142857 0.48560156944444444 0.29041833285714286 0.4493079527777778 0.2800627414285714 0.42589383888888893 0.27633390714285716 0.3755949305555556 0.2663712914285714 0.3687935055555555 0.2614544757142857 0.3805997111111111 0.2635543785714286 0.4194482222222222 0.25974151714285715 0.4329926972222223 0.25072385999999997 0.44367310555555556 0.24367410571428572 0.5001025944444445 0.24635299 0.5309772444444444 0.2586524985714286 0.5716690361111111 0.2634822742857143 0.6610206138888889 0.25306664285714286 0.7299212833333333 0.25301263714285716 0.7476072666666667 0.26000235285714285 0.7834925694444445 0.26621564 0.7888888888888889 0.27080267 0.7888888888888889 0.27209488857142855 0.7829851083333333 0.2691550257142857 0.7285971916666666 0.2783856914285714 0.6844872361111111 0.2855274057142857 0.7888888888888889 0.2985714285714286 0.7888888888888889 0.2985714285714286 0.7578956 0.29161823571428575 0.56493185 0.2965620557142857 0.5442826527777778 0.2954101257142857 0.48560156944444444