9 0.27285714285714285 0.49722222222222223 0.048214285714285716 0.1388888888888889
9 0.5585714285714286 0.5666666666666667 0.03464285714285714 0.12083333333333333
9 0.31 0.5555555555555556 0.025357142857142856 0.1125
9 0.34714285714285714 0.5472222222222223 0.037142857142857144 0.14375
9 0.38857142857142857 0.5888888888888889 0.02857142857142857 0.13333333333333333
9 0.4642857142857143 0.55 0.02892857142857143 0.11180555555555556
9 0.5042857142857143 0.5333333333333333 0.031785714285714285 0.10555555555555556
9 0.6657142857142857 0.6027777777777777 0.026071428571428572 0.09930555555555555
9 0.7014285714285714 0.5583333333333333 0.025357142857142856 0.08402777777777778
9 0.7357142857142858 0.5472222222222223 0.019285714285714285 0.07847222222222222
8 0.6690249371428572 0.5181319444444444 0.6634161114285714 0.5136270027777777 0.6590915785714285 0.524669375 0.6594421314285714 0.5441887277777777 0.65362935 0.5563093194444444 0.6511436214285715 0.5857928416666667 0.6528836357142858 0.6267153138888889 0.66029621 0.6477094611111112 0.6623615357142857 0.7083333333333334 0.6692784085714286 0.7083333333333334 0.6756694942857142 0.6642544277777778 0.67510861 0.633023463888889 0.6814285714285714 0.6160315194444445 0.6814285714285714 0.6127808472222221 0.6773489500000001 0.5898764 0.6814285714285714 0.5779086611111112 0.6814285714285714 0.5738270527777778 0.6704494528571429 0.5414870027777777 0.6690249371428572 0.5181319444444444
8 0.2910361285714286 0.4497929722222222 0.28089227 0.4260310027777778 0.27761546142857146 0.37561321666666664 0.26771541 0.3684747444444444 0.2626933771428572 0.38011229722222223 0.2644442728571429 0.41902615277777777 0.2605104257142857 0.43243917499999995 0.25139827857142855 0.44281194166666665 0.24384311285714286 0.49899360000000004 0.24624447285714285 0.5299544583333333 0.25817688 0.5710574388888889 0.2622039414285714 0.6605593055555556 0.2511714785714286 0.7290960249999999 0.25095874 0.7467774833333334 0.25762530142857143 0.7828945166666667 0.2642158242857143 0.7888888888888889 0.2683221957142857 0.7888888888888889 0.26972055 0.7827974944444445 0.2672692942857143 0.7283180972222223 0.2768944642857143 0.6845281055555555 0.2830821814285714 0.7888888888888889 0.2957142857142857 0.7888888888888889 0.2957142857142857 0.7325604805555556 0.29119806571428575 0.5654399777777778 0.2957142857142857 0.5474062083333333 0.2957142857142857 0.4874599944444445 0.29570140857142857 0.4862504583333333 0.2910361285714286 0.4497929722222222