9 0.27285714285714285 0.49722222222222223 0.04285714285714286 0.13333333333333333
9 0.5585714285714286 0.5666666666666667 0.032857142857142856 0.11666666666666667
2 0.2671428571428571 0.37777777777777777 0.041428571428571426 0.06666666666666667
9 0.31 0.5555555555555556 0.02142857142857143 0.11388888888888889
9 0.34714285714285714 0.5472222222222223 0.03142857142857143 0.1388888888888889
9 0.38857142857142857 0.5888888888888889 0.025714285714285714 0.13055555555555556
9 0.4642857142857143 0.55 0.02857142857142857 0.11388888888888889
9 0.5042857142857143 0.5333333333333333 0.032857142857142856 0.10555555555555556
9 0.6657142857142857 0.6027777777777777 0.02142857142857143 0.09722222222222222
9 0.7014285714285714 0.5583333333333333 0.022857142857142857 0.08333333333333333
9 0.7357142857142858 0.5472222222222223 0.017142857142857144 0.07777777777777778
8 0.27285714285714285 0.575 0.04285714285714286 0.46111111111111114
6 0.2842857142857143 0.39444444444444443 0.02857142857142857 0.10833333333333334
6 0.31142857142857144 0.46111111111111114 0.03 0.06666666666666667
6 0.3514285714285714 0.4444444444444444 0.025714285714285714 0.075
6 0.38857142857142857 0.48333333333333334 0.027142857142857142 0.06388888888888888
6 0.4142857142857143 0.4666666666666667 0.03428571428571429 0.05555555555555555
6 0.6628571428571428 0.525 0.025714285714285714 0.05555555555555555
6 0.7014285714285714 0.49722222222222223 0.022857142857142857 0.06111111111111111
6 0.7342857142857143 0.4861111111111111 0.022857142857142857 0.05277777777777778
6 0.5057142857142857 0.44722222222222224 0.02 0.06666666666666667
6 0.5442857142857143 0.4583333333333333 0.017142857142857144 0.08055555555555556
6 0.5628571428571428 0.49444444444444446 0.03428571428571429 0.075