9 0.6871428571428572 0.39166666666666666 0.08285714285714285 0.29930555555555555
9 0.4942857142857143 0.39166666666666666 0.08892857142857143 0.30069444444444443
9 0.3028571428571429 0.3888888888888889 0.06928571428571428 0.2986111111111111
6 0.3057142857142857 0.18333333333333332 0.05678571428571429 0.1388888888888889
6 0.6942857142857143 0.175 0.05071428571428571 0.1486111111111111
5 0.29 0.5583333333333333 0.04357142857142857 0.08263888888888889
5 0.3342857142857143 0.5194444444444445 0.040357142857142855 0.08263888888888889
5 0.6557142857142857 0.55 0.04357142857142857 0.1
5 0.7171428571428572 0.55 0.05678571428571429 0.1125
0 0.30857142857142855 0.9166666666666666 0.09714285714285714 0.14583333333333334
0 0.6871428571428572 0.9111111111111111 0.10857142857142857 0.13402777777777777
8 0.32071428571428573 0.5347222222222222 0.1357142857142857 0.9305555555555556
8 0.6878571428571428 0.5180555555555556 0.17285714285714285 0.9638888888888889