2 0.5857142857142857 0.11944444444444445 0.07428571428571429 0.08333333333333333
9 0.28714285714285714 0.7722222222222223 0.09178571428571429 0.2326388888888889
2 0.3271428571428571 0.5888888888888889 0.060714285714285714 0.07777777777777778
2 0.7171428571428572 0.11944444444444445 0.07714285714285714 0.09444444444444444
9 0.4228571428571429 0.7861111111111111 0.1175 0.19444444444444445
9 0.58 0.26666666666666666 0.12607142857142858 0.15625
9 0.7142857142857143 0.28055555555555556 0.08857142857142856 0.1388888888888889
6 0.42 0.6527777777777778 0.09392857142857143 0.13819444444444445
3 0.32571428571428573 0.6166666666666667 0.07357142857142857 0.17708333333333334
3 0.4228571428571429 0.6666666666666666 0.07714285714285714 0.18888888888888888
3 0.5871428571428572 0.13055555555555556 0.06642857142857143 0.18263888888888888
3 0.7228571428571429 0.15555555555555556 0.07392857142857143 0.21666666666666667