9 0.6871428571428572 0.39166666666666666 0.08214285714285714 0.29930555555555555
9 0.4942857142857143 0.39166666666666666 0.09678571428571428 0.3055555555555556
9 0.3028571428571429 0.3888888888888889 0.0575 0.28958333333333336
6 0.3057142857142857 0.18333333333333332 0.056428571428571425 0.1388888888888889
6 0.6942857142857143 0.175 0.04607142857142857 0.14375
5 0.29 0.5583333333333333 0.045714285714285714 0.08402777777777778
5 0.3342857142857143 0.5194444444444445 0.04071428571428572 0.08263888888888889
5 0.6557142857142857 0.55 0.04857142857142857 0.10625
5 0.7171428571428572 0.55 0.054285714285714284 0.11041666666666666
0 0.30857142857142855 0.9166666666666666 0.09642857142857143 0.14375
0 0.6871428571428572 0.9111111111111111 0.11392857142857143 0.15
8 0.32071428571428573 0.5333333333333333 0.16714285714285715 0.9333333333333333
8 0.6885714285714286 0.5194444444444445 0.15178571428571427 0.9604166666666667