2 0.5857142857142857 0.11944444444444445 0.07678571428571429 0.09375
9 0.28714285714285714 0.7722222222222223 0.08607142857142858 0.22361111111111112
2 0.3271428571428571 0.5888888888888889 0.06035714285714286 0.07291666666666667
2 0.7171428571428572 0.11944444444444445 0.07464285714285715 0.08472222222222223
9 0.4228571428571429 0.7861111111111111 0.11678571428571428 0.18958333333333333
9 0.58 0.26666666666666666 0.1225 0.1388888888888889
9 0.7142857142857143 0.28055555555555556 0.09071428571428572 0.14375
6 0.42 0.6527777777777778 0.09714285714285714 0.14930555555555555
3 0.32571428571428573 0.6166666666666667 0.07178571428571429 0.17708333333333334
3 0.4228571428571429 0.6666666666666666 0.07964285714285714 0.19027777777777777
3 0.5871428571428572 0.13055555555555556 0.06 0.17291666666666666
3 0.7228571428571429 0.15555555555555556 0.06535714285714286 0.20972222222222223