9 0.6357142857142857 0.7083333333333334 0.10821428571428572 0.41180555555555554
9 0.36857142857142855 0.7194444444444444 0.1 0.40555555555555556
9 0.4685714285714286 0.7444444444444445 0.10607142857142857 0.3506944444444444
9 0.5671428571428572 0.7666666666666667 0.10535714285714286 0.3541666666666667
6 0.3 0.18333333333333332 0.08321428571428571 0.19375
7 0.29285714285714287 0.5472222222222223 0.1025 0.6069444444444444
6 0.36714285714285716 0.4583333333333333 0.07785714285714286 0.16597222222222222
6 0.4742857142857143 0.5277777777777778 0.07142857142857142 0.17708333333333334
6 0.5642857142857143 0.5416666666666666 0.08321428571428571 0.18194444444444444
6 0.63 0.44722222222222224 0.0575 0.16041666666666668
6 0.6657142857142857 0.29444444444444445 0.07428571428571429 0.1673611111111111
7 0.6914285714285714 0.5472222222222223 0.14785714285714285 0.4222222222222222