9 0.6871428571428572 0.39166666666666666 0.06857142857142857 0.28888888888888886
9 0.4942857142857143 0.39166666666666666 0.08142857142857143 0.2916666666666667
9 0.3028571428571429 0.3888888888888889 0.05857142857142857 0.2916666666666667
6 0.3057142857142857 0.18333333333333332 0.05 0.13055555555555556
6 0.6942857142857143 0.175 0.04285714285714286 0.14166666666666666
5 0.29 0.5583333333333333 0.041428571428571426 0.07777777777777778
5 0.3342857142857143 0.5194444444444445 0.041428571428571426 0.08055555555555556
5 0.6557142857142857 0.55 0.04428571428571428 0.09722222222222222
5 0.7171428571428572 0.55 0.054285714285714284 0.10833333333333334
0 0.30857142857142855 0.9166666666666666 0.09 0.12777777777777777
0 0.6871428571428572 0.9111111111111111 0.10857142857142857 0.13333333333333333
8 0.32071428571428573 0.5375 0.11571428571428571 0.925
8 0.6885714285714286 0.5194444444444445 0.12285714285714286 0.95