9 0.6357142857142857 0.7083333333333334 0.10142857142857142 0.4083333333333333
9 0.36857142857142855 0.7194444444444444 0.07714285714285714 0.39444444444444443
9 0.4685714285714286 0.7444444444444445 0.09857142857142857 0.3416666666666667
9 0.5671428571428572 0.7666666666666667 0.08714285714285715 0.3388888888888889
6 0.3 0.18333333333333332 0.07714285714285714 0.18333333333333332
7 0.29285714285714287 0.5472222222222223 0.09714285714285714 0.6055555555555555
6 0.36714285714285716 0.4583333333333333 0.07714285714285714 0.1638888888888889
6 0.4742857142857143 0.5277777777777778 0.06428571428571428 0.16666666666666666
6 0.5642857142857143 0.5416666666666666 0.07857142857142857 0.17222222222222222
6 0.63 0.44722222222222224 0.054285714285714284 0.15555555555555556
6 0.6657142857142857 0.29444444444444445 0.06571428571428571 0.15555555555555556
7 0.6914285714285714 0.5472222222222223 0.13 0.4027777777777778