9 0.6357142857142857 0.7083333333333334 0.11964285714285715 0.4215277777777778
9 0.36857142857142855 0.7194444444444444 0.09178571428571429 0.4041666666666667
9 0.4685714285714286 0.7444444444444445 0.11714285714285715 0.36041666666666666
9 0.5671428571428572 0.7666666666666667 0.08892857142857143 0.33958333333333335
6 0.3 0.18333333333333332 0.08535714285714285 0.1951388888888889
7 0.29285714285714287 0.5472222222222223 0.12821428571428573 0.6173611111111111
6 0.36714285714285716 0.4583333333333333 0.07714285714285714 0.16180555555555556
6 0.4742857142857143 0.5277777777777778 0.06928571428571428 0.1763888888888889
6 0.5642857142857143 0.5416666666666666 0.08821428571428572 0.18819444444444444
6 0.63 0.44722222222222224 0.05714285714285714 0.16041666666666668
6 0.6657142857142857 0.29444444444444445 0.07428571428571429 0.1673611111111111
7 0.6914285714285714 0.5472222222222223 0.14785714285714285 0.4222222222222222