2 0.5857142857142857 0.11944444444444445 0.07285714285714286 0.08055555555555556
9 0.28714285714285714 0.7722222222222223 0.08571428571428572 0.225
2 0.3271428571428571 0.5888888888888889 0.05857142857142857 0.06944444444444445
2 0.7171428571428572 0.11944444444444445 0.07428571428571429 0.08333333333333333
9 0.4228571428571429 0.7861111111111111 0.11142857142857143 0.17777777777777778
9 0.58 0.26666666666666666 0.12142857142857143 0.13333333333333333
9 0.7142857142857143 0.28055555555555556 0.08428571428571428 0.13055555555555556
6 0.42 0.6527777777777778 0.09 0.13055555555555556
3 0.32571428571428573 0.6166666666666667 0.06428571428571428 0.1638888888888889
3 0.4228571428571429 0.6666666666666666 0.07714285714285714 0.18888888888888888
3 0.5871428571428572 0.13055555555555556 0.06 0.175
3 0.7228571428571429 0.15555555555555556 0.06285714285714286 0.20555555555555555