9 0.3514285714285714 0.6583333333333333 0.07428571428571429 0.2326388888888889
9 0.6685714285714286 0.4111111111111111 0.03464285714285714 0.13333333333333333
9 0.55 0.44722222222222224 0.040357142857142855 0.14027777777777778
9 0.5957142857142858 0.5222222222222223 0.05392857142857143 0.19375
4 0.4278571428571429 0.9625 0.047142857142857146 0.075
6 0.3557142857142857 0.4777777777777778 0.0775 0.15555555555555556
6 0.5571428571428572 0.35 0.031785714285714285 0.1125
6 0.5757142857142857 0.35 0.05392857142857143 0.09930555555555555
6 0.5957142857142858 0.39444444444444443 0.048214285714285716 0.12083333333333333
6 0.6257142857142857 0.3388888888888889 0.03428571428571429 0.05694444444444444
6 0.6628571428571428 0.2972222222222222 0.02857142857142857 0.07222222222222222
6 0.6914285714285714 0.15555555555555556 0.04857142857142857 0.06805555555555555
8 0.36214285714285716 0.6861111111111111 0.18142857142857144 0.6277777777777778
8 0.7 0.35 0.10928571428571429 0.48819444444444443
5 0.4228571428571429 0.6888888888888889 0.023214285714285715 0.09375
7 0.7 0.2638888888888889 0.06607142857142857 0.20416666666666666