9 0.3514285714285714 0.6583333333333333 0.06857142857142857 0.225
9 0.6685714285714286 0.4111111111111111 0.03571428571428571 0.13333333333333333
9 0.55 0.44722222222222224 0.03428571428571429 0.1361111111111111
9 0.5957142857142858 0.5222222222222223 0.045714285714285714 0.18611111111111112
4 0.42857142857142855 0.9638888888888889 0.047142857142857146 0.07222222222222222
6 0.3557142857142857 0.4777777777777778 0.07857142857142857 0.15555555555555556
6 0.5571428571428572 0.35 0.03 0.1111111111111111
6 0.5757142857142857 0.35 0.05 0.09166666666666666
6 0.5957142857142858 0.39444444444444443 0.041428571428571426 0.1111111111111111
6 0.6257142857142857 0.3388888888888889 0.032857142857142856 0.058333333333333334
6 0.6628571428571428 0.2972222222222222 0.02857142857142857 0.07222222222222222
6 0.6914285714285714 0.15555555555555556 0.047142857142857146 0.06111111111111111
8 0.3628571428571429 0.6916666666666667 0.15285714285714286 0.6166666666666667
8 0.7 0.35 0.09142857142857143 0.4777777777777778
5 0.4228571428571429 0.6888888888888889 0.02 0.09166666666666666
7 0.7 0.2638888888888889 0.06428571428571428 0.2