9 0.3514285714285714 0.6583333333333333 0.07714285714285714 0.23402777777777778
9 0.6685714285714286 0.4111111111111111 0.0425 0.1388888888888889
9 0.55 0.44722222222222224 0.03464285714285714 0.13819444444444445
9 0.5957142857142858 0.5222222222222223 0.048214285714285716 0.18888888888888888
4 0.4278571428571429 0.9625 0.047142857142857146 0.075
6 0.3557142857142857 0.4777777777777778 0.08321428571428571 0.16666666666666666
6 0.5571428571428572 0.35 0.03464285714285714 0.11597222222222223
6 0.5757142857142857 0.35 0.05392857142857143 0.09930555555555555
6 0.5957142857142858 0.39444444444444443 0.045714285714285714 0.11666666666666667
6 0.6257142857142857 0.3388888888888889 0.03428571428571429 0.05694444444444444
6 0.6628571428571428 0.2972222222222222 0.029285714285714286 0.07291666666666667
6 0.6914285714285714 0.15555555555555556 0.04857142857142857 0.06736111111111111
8 0.36214285714285716 0.6875 0.17285714285714285 0.625
8 0.7 0.35 0.10821428571428572 0.48819444444444443
5 0.4228571428571429 0.6888888888888889 0.02035714285714286 0.08958333333333333
7 0.7 0.2638888888888889 0.075 0.2111111111111111