9 0.51 0.4361111111111111 0.09464285714285714 0.32708333333333334
9 0.5828571428571429 0.38333333333333336 0.056428571428571425 0.2791666666666667
9 0.3742857142857143 0.37222222222222223 0.10357142857142858 0.25555555555555554
9 0.6542857142857142 0.39166666666666666 0.08285714285714285 0.2826388888888889
6 0.4228571428571429 0.20833333333333334 0.11107142857142857 0.21805555555555556
6 0.49714285714285716 0.21388888888888888 0.08857142857142856 0.17708333333333334
6 0.5657142857142857 0.18333333333333332 0.08071428571428571 0.1986111111111111
6 0.6357142857142857 0.19444444444444445 0.07107142857142858 0.17847222222222223
8 0.3842857142857143 0.48055555555555557 0.18607142857142858 0.8555555555555555
8 0.5042857142857143 0.5194444444444445 0.14285714285714285 0.9291666666666667
8 0.5685714285714286 0.46111111111111114 0.09642857142857143 0.7569444444444444
8 0.6442857142857142 0.4388888888888889 0.14285714285714285 0.7895833333333333