9 0.51 0.4361111111111111 0.08607142857142858 0.31805555555555554
9 0.5828571428571429 0.38333333333333336 0.04642857142857143 0.27708333333333335
9 0.3742857142857143 0.37222222222222223 0.09714285714285714 0.24513888888888888
9 0.6542857142857142 0.39166666666666666 0.08892857142857143 0.2847222222222222
6 0.4228571428571429 0.20833333333333334 0.11392857142857143 0.2263888888888889
6 0.49714285714285716 0.21388888888888888 0.0825 0.16597222222222222
6 0.5657142857142857 0.18333333333333332 0.075 0.18888888888888888
6 0.6357142857142857 0.19444444444444445 0.07464285714285715 0.1840277777777778
8 0.3842857142857143 0.48055555555555557 0.19392857142857142 0.8597222222222223
8 0.5042857142857143 0.5194444444444445 0.1742857142857143 0.9375
8 0.5685714285714286 0.46111111111111114 0.11464285714285714 0.7652777777777777
8 0.6442857142857142 0.4388888888888889 0.14285714285714285 0.7895833333333333