9 0.51 0.4361111111111111 0.08571428571428572 0.3194444444444444
9 0.5828571428571429 0.38333333333333336 0.047142857142857146 0.275
9 0.3742857142857143 0.37222222222222223 0.09285714285714286 0.2388888888888889
9 0.6542857142857142 0.39166666666666666 0.07285714285714286 0.275
6 0.4228571428571429 0.20833333333333334 0.10285714285714286 0.20277777777777778
6 0.49714285714285716 0.21388888888888888 0.07857142857142857 0.15833333333333333
6 0.5657142857142857 0.18333333333333332 0.07142857142857142 0.18333333333333332
6 0.6357142857142857 0.19444444444444445 0.06857142857142857 0.175
8 0.3842857142857143 0.48055555555555557 0.15857142857142856 0.8388888888888889
8 0.5042857142857143 0.5194444444444445 0.12285714285714286 0.9222222222222223
8 0.5685714285714286 0.46111111111111114 0.08571428571428572 0.7555555555555555
8 0.6442857142857142 0.4388888888888889 0.10285714285714286 0.7805555555555556