9 0.5014285714285714 0.5583333333333333 0.09714285714285714 0.5375
9 0.4057142857142857 0.6055555555555555 0.13785714285714284 0.6159722222222223
9 0.6328571428571429 0.6638888888888889 0.10535714285714286 0.4444444444444444
8 0.4157142857142857 0.49444444444444446 0.1375 0.8236111111111111
8 0.5128571428571429 0.4861111111111111 0.11714285714285715 0.7930555555555555
8 0.6114285714285714 0.5055555555555555 0.17964285714285713 0.7319444444444444
6 0.44142857142857145 0.19444444444444445 0.07642857142857143 0.26180555555555557
6 0.5085714285714286 0.20277777777777778 0.05964285714285714 0.22777777777777777
6 0.6157142857142858 0.28055555555555556 0.06321428571428571 0.2659722222222222
5 0.5314285714285715 0.7722222222222223 0.052142857142857144 0.13472222222222222
5 0.6242857142857143 0.6861111111111111 0.04857142857142857 0.12222222222222222