9 0.5014285714285714 0.5583333333333333 0.09964285714285714 0.5375
9 0.4057142857142857 0.6055555555555555 0.14285714285714285 0.6159722222222223
9 0.6328571428571429 0.6638888888888889 0.1175 0.4548611111111111
8 0.4157142857142857 0.49444444444444446 0.13428571428571429 0.8229166666666666
8 0.5128571428571429 0.4861111111111111 0.1432142857142857 0.7951388888888888
8 0.6114285714285714 0.5055555555555555 0.2007142857142857 0.7458333333333333
6 0.44142857142857145 0.19444444444444445 0.07642857142857143 0.26180555555555557
6 0.5085714285714286 0.20277777777777778 0.0625 0.22916666666666666
6 0.6157142857142858 0.28055555555555556 0.060714285714285714 0.2625
5 0.5314285714285715 0.7722222222222223 0.05392857142857143 0.13472222222222222
5 0.6242857142857143 0.6861111111111111 0.047857142857142855 0.11805555555555555