9 0.5014285714285714 0.5583333333333333 0.08428571428571428 0.5305555555555556
9 0.4057142857142857 0.6055555555555555 0.10714285714285714 0.6
9 0.6328571428571429 0.6638888888888889 0.10428571428571429 0.4444444444444444
8 0.4157142857142857 0.49444444444444446 0.12 0.8166666666666667
8 0.5128571428571429 0.4861111111111111 0.1 0.7861111111111111
8 0.6114285714285714 0.5055555555555555 0.1757142857142857 0.7277777777777777
6 0.44142857142857145 0.19444444444444445 0.07 0.25833333333333336
6 0.5085714285714286 0.20277777777777778 0.05857142857142857 0.225
6 0.6157142857142858 0.28055555555555556 0.05714285714285714 0.2611111111111111
5 0.5314285714285715 0.7722222222222223 0.047142857142857146 0.12777777777777777
5 0.6242857142857143 0.6861111111111111 0.045714285714285714 0.11944444444444445