9 0.5014285714285714 0.5583333333333333 0.09464285714285714 0.5340277777777778
9 0.4057142857142857 0.6055555555555555 0.13392857142857142 0.6118055555555556
9 0.6328571428571429 0.6638888888888889 0.11678571428571428 0.4513888888888889
8 0.41714285714285715 0.48333333333333334 0.14035714285714285 0.8111111111111111
8 0.5114285714285715 0.48333333333333334 0.11392857142857143 0.7680555555555556
8 0.6128571428571429 0.5138888888888888 0.17107142857142857 0.7611111111111111
6 0.43142857142857144 0.18611111111111112 0.08642857142857142 0.24027777777777778
6 0.5042857142857143 0.20277777777777778 0.06035714285714286 0.23402777777777778
6 0.6114285714285714 0.2722222222222222 0.07428571428571429 0.2604166666666667
5 0.6214285714285714 0.6805555555555556 0.04285714285714286 0.13333333333333333
5 0.5214285714285715 0.7638888888888888 0.03428571428571429 0.12152777777777778