9 0.5014285714285714 0.5583333333333333 0.10071428571428571 0.5381944444444444
9 0.4057142857142857 0.6055555555555555 0.14035714285714285 0.6159722222222223
9 0.6328571428571429 0.6638888888888889 0.10535714285714286 0.4444444444444444
8 0.41714285714285715 0.48333333333333334 0.1432142857142857 0.8111111111111111
8 0.5114285714285715 0.48333333333333334 0.12 0.7722222222222223
8 0.6128571428571429 0.5138888888888888 0.18321428571428572 0.7673611111111112
6 0.43142857142857144 0.18611111111111112 0.08321428571428571 0.2375
6 0.5042857142857143 0.20277777777777778 0.06035714285714286 0.23402777777777778
6 0.6114285714285714 0.2722222222222222 0.06357142857142857 0.25069444444444444
5 0.6214285714285714 0.6805555555555556 0.03785714285714286 0.12916666666666668
5 0.5214285714285715 0.7638888888888888 0.037142857142857144 0.12291666666666666