9 0.5014285714285714 0.5583333333333333 0.08428571428571428 0.5305555555555556
9 0.4057142857142857 0.6055555555555555 0.10714285714285714 0.6
9 0.6328571428571429 0.6638888888888889 0.10428571428571429 0.4444444444444444
8 0.41714285714285715 0.48333333333333334 0.11 0.8
8 0.5114285714285715 0.48333333333333334 0.10428571428571429 0.7638888888888888
8 0.6128571428571429 0.5138888888888888 0.15857142857142856 0.7527777777777778
6 0.43142857142857144 0.18611111111111112 0.08142857142857143 0.23333333333333334
6 0.5042857142857143 0.20277777777777778 0.04857142857142857 0.22777777777777777
6 0.6114285714285714 0.2722222222222222 0.06142857142857143 0.25
5 0.6214285714285714 0.6805555555555556 0.03571428571428571 0.12777777777777777
5 0.5214285714285715 0.7638888888888888 0.03 0.11944444444444445