9 0.6457142857142857 0.6333333333333333 0.037142857142857144 0.14583333333333334
9 0.4757142857142857 0.5361111111111111 0.03642857142857143 0.09513888888888888
9 0.5857142857142857 0.525 0.028214285714285713 0.08402777777777778
9 0.38857142857142857 0.5611111111111111 0.02035714285714286 0.06666666666666667
9 0.4342857142857143 0.5388888888888889 0.025357142857142856 0.08402777777777778
9 0.31142857142857144 0.5777777777777777 0.029285714285714286 0.10069444444444445
9 0.5671428571428572 0.5194444444444445 0.04357142857142857 0.1
9 0.5042857142857143 0.5194444444444445 0.03428571428571429 0.10694444444444444
9 0.63 0.5361111111111111 0.025714285714285714 0.09444444444444444
8 0.31857142857142856 0.625 0.07642857142857143 0.29305555555555557
8 0.39 0.5916666666666667 0.0425 0.27847222222222223
8 0.43714285714285717 0.5833333333333334 0.0425 0.24513888888888888
8 0.4757142857142857 0.5833333333333334 0.030714285714285715 0.25625
8 0.5614285714285714 0.5722222222222222 0.047857142857142855 0.26805555555555555
8 0.5914285714285714 0.5666666666666667 0.04 0.26805555555555555
8 0.6271428571428571 0.5694444444444444 0.0375 0.2388888888888889
8 0.65 0.6305555555555555 0.045714285714285714 0.18263888888888888