9 0.6457142857142857 0.6333333333333333 0.03142857142857143 0.14166666666666666
9 0.4757142857142857 0.5361111111111111 0.03428571428571429 0.09444444444444444
9 0.5857142857142857 0.525 0.025714285714285714 0.08333333333333333
9 0.38857142857142857 0.5611111111111111 0.02 0.06666666666666667
9 0.4342857142857143 0.5388888888888889 0.022857142857142857 0.08333333333333333
9 0.31142857142857144 0.5777777777777777 0.027142857142857142 0.1
9 0.5671428571428572 0.5194444444444445 0.04 0.09166666666666666
9 0.5042857142857143 0.5194444444444445 0.032857142857142856 0.10555555555555556
9 0.63 0.5361111111111111 0.025714285714285714 0.09444444444444444
8 0.31857142857142856 0.625 0.06142857142857143 0.2833333333333333
8 0.39 0.5916666666666667 0.03857142857142857 0.2777777777777778
8 0.43714285714285717 0.5833333333333334 0.03857142857142857 0.24444444444444444
8 0.4757142857142857 0.5833333333333334 0.025714285714285714 0.25555555555555554
8 0.5614285714285714 0.5722222222222222 0.032857142857142856 0.26666666666666666
8 0.5914285714285714 0.5666666666666667 0.02857142857142857 0.26666666666666666
8 0.6271428571428571 0.5694444444444444 0.022857142857142857 0.2361111111111111
8 0.65 0.6305555555555555 0.04 0.17777777777777778