9 0.6457142857142857 0.6333333333333333 0.03428571428571429 0.14444444444444443
9 0.4757142857142857 0.5361111111111111 0.03464285714285714 0.09513888888888888
9 0.5857142857142857 0.525 0.028214285714285713 0.08402777777777778
9 0.38857142857142857 0.5611111111111111 0.022857142857142857 0.06805555555555555
9 0.4342857142857143 0.5388888888888889 0.025714285714285714 0.08402777777777778
9 0.31142857142857144 0.5777777777777777 0.02857142857142857 0.1
9 0.5671428571428572 0.5194444444444445 0.0425 0.09583333333333334
9 0.5042857142857143 0.5194444444444445 0.033928571428571426 0.10625
9 0.63 0.5361111111111111 0.02857142857142857 0.09513888888888888
8 0.31857142857142856 0.625 0.0775 0.29375
8 0.39 0.5916666666666667 0.045714285714285714 0.28194444444444444
8 0.43714285714285717 0.5833333333333334 0.052142857142857144 0.25
8 0.4757142857142857 0.5833333333333334 0.031071428571428573 0.25625
8 0.5614285714285714 0.5722222222222222 0.048214285714285716 0.26805555555555555
8 0.5914285714285714 0.5666666666666667 0.03357142857142857 0.2673611111111111
8 0.6271428571428571 0.5694444444444444 0.025714285714285714 0.23819444444444443
8 0.65 0.6305555555555555 0.04214285714285714 0.17777777777777778