2 0.3985714285714286 0.175 0.10035714285714285 0.14444444444444443
2 0.6114285714285714 0.17222222222222222 0.10321428571428572 0.15416666666666667
9 0.3942857142857143 0.5666666666666667 0.18285714285714286 0.46597222222222223
9 0.6114285714285714 0.5777777777777777 0.14535714285714285 0.4618055555555556
8 0.6228571428571429 0.5 0.30607142857142855 0.8763888888888889
8 0.3657142857142857 0.5027777777777778 0.2792857142857143 0.8840277777777777
5 0.7242857142857143 0.4388888888888889 0.05678571428571429 0.3277777777777778
1 0.27714285714285714 0.2388888888888889 0.06285714285714286 0.21180555555555555
1 0.4542857142857143 0.7694444444444445 0.0975 0.21736111111111112
5 0.5557142857142857 0.6444444444444445 0.08607142857142858 0.16666666666666666
3 0.4014285714285714 0.24444444444444444 0.13107142857142856 0.33819444444444446
3 0.61 0.2388888888888889 0.1375 0.3013888888888889