2 0.3985714285714286 0.175 0.10571428571428572 0.16041666666666668
2 0.6114285714285714 0.17222222222222222 0.10785714285714286 0.16180555555555556
9 0.3942857142857143 0.5666666666666667 0.18607142857142858 0.46805555555555556
9 0.6114285714285714 0.5777777777777777 0.15964285714285714 0.4777777777777778
8 0.6228571428571429 0.5 0.315 0.8833333333333333
8 0.3657142857142857 0.5027777777777778 0.29464285714285715 0.8958333333333334
5 0.7242857142857143 0.4388888888888889 0.0625 0.3284722222222222
1 0.27714285714285714 0.2388888888888889 0.05785714285714286 0.21041666666666667
1 0.4542857142857143 0.7694444444444445 0.08821428571428572 0.20416666666666666
5 0.5557142857142857 0.6444444444444445 0.08821428571428572 0.16805555555555557
3 0.4014285714285714 0.24444444444444444 0.12 0.3229166666666667
3 0.61 0.2388888888888889 0.13142857142857142 0.29375