2 0.3985714285714286 0.175 0.09857142857142857 0.14166666666666666
2 0.6114285714285714 0.17222222222222222 0.10285714285714286 0.15
9 0.3942857142857143 0.5666666666666667 0.16714285714285715 0.44166666666666665
9 0.6114285714285714 0.5777777777777777 0.1442857142857143 0.46111111111111114
8 0.6228571428571429 0.5 0.26857142857142857 0.8333333333333334
8 0.3657142857142857 0.5027777777777778 0.24285714285714285 0.8527777777777777
5 0.7242857142857143 0.4388888888888889 0.045714285714285714 0.325
1 0.27714285714285714 0.2388888888888889 0.054285714285714284 0.20555555555555555
1 0.4542857142857143 0.7694444444444445 0.08714285714285715 0.2
5 0.5557142857142857 0.6444444444444445 0.08 0.1527777777777778
3 0.4014285714285714 0.24444444444444444 0.12 0.325
3 0.61 0.2388888888888889 0.12571428571428572 0.2833333333333333