2 0.3757142857142857 0.2111111111111111 0.012857142857142857 0.041666666666666664
2 0.5242857142857142 0.22777777777777777 0.012857142857142857 0.04722222222222222
2 0.4357142857142857 0.24722222222222223 0.014285714285714285 0.044444444444444446
2 0.5585714285714286 0.25555555555555554 0.012857142857142857 0.044444444444444446
2 0.4685714285714286 0.275 0.014285714285714285 0.044444444444444446
2 0.5014285714285714 0.28888888888888886 0.01 0.030555555555555555
9 0.5257142857142857 0.3333333333333333 0.027142857142857142 0.12777777777777777
2 0.3742857142857143 0.3416666666666667 0.03142857142857143 0.15555555555555556
9 0.5342857142857143 0.3472222222222222 0.01 0.09166666666666666
9 0.4328571428571429 0.3472222222222222 0.02 0.12777777777777777
9 0.46714285714285714 0.35833333333333334 0.024285714285714285 0.11388888888888889
9 0.42 0.35833333333333334 0.012857142857142857 0.06944444444444445
9 0.5 0.375 0.02142857142857143 0.11388888888888889
9 0.5085714285714286 0.375 0.008571428571428572 0.06944444444444445
9 0.5571428571428572 0.375 0.03 0.1527777777777778
9 0.48 0.38333333333333336 0.007142857142857143 0.044444444444444446
9 0.48857142857142855 0.38333333333333336 0.007142857142857143 0.058333333333333334
9 0.4542857142857143 0.3888888888888889 0.005714285714285714 0.05
9 0.5414285714285715 0.4222222222222222 0.007142857142857143 0.06944444444444445
9 0.5714285714285714 0.425 0.011428571428571429 0.06388888888888888
8 0.3742857142857143 0.4 0.045714285714285714 0.41944444444444445
8 0.42857142857142855 0.37222222222222223 0.03857142857142857 0.3194444444444444
8 0.4685714285714286 0.39166666666666666 0.03428571428571429 0.30277777777777776
8 0.49714285714285716 0.4083333333333333 0.03428571428571429 0.28888888888888886
8 0.5242857142857142 0.3888888888888889 0.032857142857142856 0.3861111111111111
8 0.5657142857142857 0.4222222222222222 0.047142857142857146 0.3638888888888889
3 0.37285714285714283 0.2222222222222222 0.027142857142857142 0.08055555555555556
3 0.4357142857142857 0.25833333333333336 0.022857142857142857 0.08888888888888889
3 0.4685714285714286 0.28055555555555556 0.02 0.06666666666666667
3 0.5014285714285714 0.3055555555555556 0.015714285714285715 0.06111111111111111
3 0.5257142857142857 0.2361111111111111 0.025714285714285714 0.07777777777777778
3 0.5585714285714286 0.2722222222222222 0.024285714285714285 0.08055555555555556
0 0.3628571428571429 0.5666666666666667 0.024285714285714285 0.06666666666666667
0 0.38857142857142857 0.575 0.02 0.06666666666666667
0 0.42428571428571427 0.5222222222222223 0.015714285714285715 0.058333333333333334
0 0.4357142857142857 0.5194444444444445 0.014285714285714285 0.058333333333333334
0 0.5171428571428571 0.5194444444444445 0.007142857142857143 0.08055555555555556
0 0.5314285714285715 0.5388888888888889 0.012857142857142857 0.07777777777777778
0 0.57 0.5722222222222222 0.02142857142857143 0.1111111111111111
0 0.5528571428571428 0.5694444444444444 0.018571428571428572 0.09166666666666666
0 0.4614285714285714 0.5138888888888888 0.015714285714285715 0.06388888888888888
0 0.47285714285714286 0.5222222222222223 0.015714285714285715 0.06666666666666667
0 0.49142857142857144 0.5194444444444445 0.017142857142857144 0.05
0 0.5057142857142857 0.5222222222222223 0.008571428571428572 0.03888888888888889