2 0.35 0.19166666666666668 0.12 0.23402777777777778
2 0.5685714285714286 0.24722222222222223 0.10285714285714286 0.27291666666666664
9 0.6342857142857142 0.6305555555555555 0.15107142857142858 0.6277777777777778
9 0.3057142857142857 0.6666666666666666 0.13142857142857142 0.6618055555555555
9 0.5428571428571428 0.6833333333333333 0.06357142857142857 0.22847222222222222
9 0.4014285714285714 0.6861111111111111 0.04357142857142857 0.10069444444444445
9 0.47285714285714286 0.7138888888888889 0.10071428571428571 0.29375
2 0.47 0.8416666666666667 0.05142857142857143 0.2
9 0.3842857142857143 0.8555555555555555 0.12035714285714286 0.25625
9 0.5878571428571429 0.8638888888888889 0.14142857142857143 0.2722222222222222
8 0.33214285714285713 0.5291666666666667 0.2357142857142857 0.9416666666666667
8 0.47714285714285715 0.6694444444444444 0.10607142857142857 0.5381944444444444
8 0.6121428571428571 0.5597222222222222 0.22142857142857142 0.8805555555555555
3 0.34285714285714286 0.25555555555555554 0.12071428571428572 0.3902777777777778
3 0.5685714285714286 0.2833333333333333 0.13428571428571429 0.36041666666666666