9 0.3242857142857143 0.37777777777777777 0.05285714285714286 0.28888888888888886
9 0.5214285714285715 0.4 0.022857142857142857 0.18611111111111112
9 0.4471428571428571 0.4027777777777778 0.03142857142857143 0.19166666666666668
9 0.4857142857142857 0.4111111111111111 0.047142857142857146 0.25277777777777777
9 0.55 0.43333333333333335 0.041428571428571426 0.23333333333333334
9 0.4057142857142857 0.4527777777777778 0.047142857142857146 0.2638888888888889
8 0.32857142857142857 0.4888888888888889 0.08428571428571428 0.7833333333333333
8 0.4057142857142857 0.5166666666666667 0.05857142857142857 0.6055555555555555
9 0.6385714285714286 0.5833333333333334 0.054285714285714284 0.26666666666666666
0 0.5971428571428572 0.7805555555555556 0.025714285714285714 0.07777777777777778
0 0.35428571428571426 0.7805555555555556 0.041428571428571426 0.10555555555555556
0 0.3157142857142857 0.8527777777777777 0.03571428571428571 0.09444444444444444
0 0.5828571428571429 0.7527777777777778 0.03 0.058333333333333334
0 0.5585714285714286 0.7194444444444444 0.025714285714285714 0.06944444444444445
0 0.38857142857142857 0.7805555555555556 0.025714285714285714 0.075
8 0.4471428571428571 0.49722222222222223 0.047142857142857146 0.5222222222222223
8 0.48428571428571426 0.49166666666666664 0.04857142857142857 0.6194444444444445
8 0.6428571428571429 0.6555555555555556 0.06285714285714286 0.5666666666666667
0 0.5042857142857143 0.7388888888888889 0.03 0.15
0 0.4657142857142857 0.7444444444444445 0.024285714285714285 0.13333333333333333
0 0.4257142857142857 0.7416666666666667 0.03 0.12222222222222222
3 0.3314285714285714 0.16666666666666666 0.03428571428571429 0.12777777777777777
3 0.40714285714285714 0.2638888888888889 0.027142857142857142 0.09722222222222222
3 0.44857142857142857 0.2777777777777778 0.024285714285714285 0.06944444444444445
3 0.48857142857142855 0.23333333333333334 0.02857142857142857 0.10555555555555556
3 0.5185714285714286 0.26666666666666666 0.022857142857142857 0.075
3 0.5542857142857143 0.30277777777777776 0.022857142857142857 0.09444444444444444
3 0.6428571428571429 0.4111111111111111 0.03 0.09722222222222222