2 0.35 0.19166666666666668 0.12 0.23402777777777778
2 0.5685714285714286 0.24722222222222223 0.10357142857142858 0.27361111111111114
9 0.6342857142857142 0.6305555555555555 0.16071428571428573 0.6340277777777777
9 0.305 0.6652777777777777 0.15571428571428572 0.6694444444444444
9 0.5428571428571428 0.6833333333333333 0.0575 0.22361111111111112
9 0.4014285714285714 0.6861111111111111 0.048214285714285716 0.10625
9 0.47285714285714286 0.7138888888888889 0.095 0.28888888888888886
2 0.47 0.8416666666666667 0.04857142857142857 0.19930555555555557
9 0.3842857142857143 0.8555555555555555 0.11964285714285715 0.25555555555555554
9 0.5878571428571429 0.8597222222222223 0.15 0.28055555555555556
3 0.3485714285714286 0.28055555555555556 0.1492857142857143 0.4263888888888889
3 0.5785714285714286 0.26944444444444443 0.15214285714285714 0.3736111111111111