2 0.4928571428571429 0.1388888888888889 0.03571428571428571 0.09444444444444444
2 0.2842857142857143 0.19166666666666668 0.03 0.09444444444444444
2 0.35428571428571426 0.2638888888888889 0.025714285714285714 0.1
2 0.5857142857142857 0.2722222222222222 0.04 0.10555555555555556
2 0.4228571428571429 0.28055555555555556 0.03 0.08333333333333333
9 0.2857142857142857 0.39166666666666666 0.05857142857142857 0.275
9 0.25142857142857145 0.4027777777777778 0.015714285714285715 0.1388888888888889
9 0.49142857142857144 0.4222222222222222 0.06571428571428571 0.3388888888888889
9 0.36142857142857143 0.4222222222222222 0.04857142857142857 0.2388888888888889
9 0.3171428571428571 0.4305555555555556 0.018571428571428572 0.15833333333333333
9 0.46 0.475 0.012857142857142857 0.11944444444444445
9 0.3985714285714286 0.4861111111111111 0.008571428571428572 0.14166666666666666
9 0.38571428571428573 0.49444444444444446 0.014285714285714285 0.10555555555555556
9 0.5157142857142857 0.49722222222222223 0.024285714285714285 0.20555555555555555
9 0.44 0.5027777777777778 0.025714285714285714 0.16111111111111112
9 0.3342857142857143 0.5027777777777778 0.008571428571428572 0.08333333333333333
9 0.4185714285714286 0.5055555555555555 0.05285714285714286 0.28055555555555556
9 0.58 0.6166666666666667 0.08142857142857143 0.4666666666666667
9 0.5257142857142857 0.6777777777777778 0.02857142857142857 0.25555555555555554
9 0.6185714285714285 0.7472222222222222 0.03428571428571429 0.20555555555555555
8 0.28285714285714286 0.48333333333333334 0.07 0.7138888888888889
8 0.3557142857142857 0.5277777777777778 0.06 0.6388888888888888
8 0.42 0.5527777777777778 0.06428571428571428 0.675
8 0.4828571428571429 0.5444444444444444 0.06857142857142857 0.9111111111111111
8 0.5857142857142857 0.5972222222222222 0.12571428571428572 0.8027777777777778
3 0.2857142857142857 0.2111111111111111 0.04857142857142857 0.1527777777777778
3 0.35714285714285715 0.26666666666666666 0.041428571428571426 0.1361111111111111
3 0.4257142857142857 0.30833333333333335 0.041428571428571426 0.15
3 0.48857142857142855 0.16666666666666666 0.055714285714285716 0.17777777777777778
3 0.5857142857142857 0.30277777777777776 0.05285714285714286 0.25277777777777777
0 0.26 0.7472222222222222 0.03 0.125
0 0.2985714285714286 0.7416666666666667 0.022857142857142857 0.1111111111111111
0 0.3414285714285714 0.7388888888888889 0.02857142857142857 0.1638888888888889
0 0.37285714285714283 0.7527777777777778 0.018571428571428572 0.19166666666666668
0 0.40285714285714286 0.7833333333333333 0.03 0.15833333333333333
0 0.43142857142857144 0.8111111111111111 0.022857142857142857 0.2
0 0.4657142857142857 0.9083333333333333 0.02857142857142857 0.10555555555555556
0 0.4957142857142857 0.9277777777777778 0.02857142857142857 0.14166666666666666