2 0.45571428571428574 0.33055555555555555 0.02642857142857143 0.07083333333333333
2 0.3628571428571429 0.33611111111111114 0.02214285714285714 0.04375
2 0.4185714285714286 0.3472222222222222 0.014642857142857143 0.03888888888888889
9 0.3914285714285714 0.3611111111111111 0.0225 0.07777777777777778
9 0.34285714285714286 0.37777777777777777 0.02 0.05486111111111111
9 0.4142857142857143 0.38055555555555554 0.02214285714285714 0.04027777777777778
2 0.5828571428571429 0.39444444444444443 0.0175 0.034027777777777775
9 0.49142857142857144 0.4 0.011785714285714287 0.07708333333333334
2 0.48 0.4027777777777778 0.01107142857142857 0.02847222222222222
2 0.5114285714285715 0.40555555555555556 0.016428571428571428 0.050694444444444445
9 0.5628571428571428 0.4111111111111111 0.02214285714285714 0.07916666666666666
9 0.5985714285714285 0.425 0.015 0.05625
9 0.5271428571428571 0.4305555555555556 0.016785714285714286 0.04513888888888889
9 0.4142857142857143 0.44166666666666665 0.017857142857142856 0.10486111111111111
9 0.5071428571428571 0.4444444444444444 0.008214285714285714 0.044444444444444446
9 0.5214285714285715 0.44722222222222224 0.03142857142857143 0.12916666666666668
9 0.36428571428571427 0.4527777777777778 0.04535714285714286 0.15486111111111112
9 0.4828571428571429 0.49166666666666664 0.0175 0.10555555555555556
9 0.5785714285714286 0.5138888888888888 0.04285714285714286 0.1625
9 0.45 0.5277777777777778 0.04857142857142857 0.25069444444444444
8 0.36 0.5333333333333333 0.06607142857142857 0.45625
8 0.45285714285714285 0.6194444444444445 0.10071428571428571 0.6486111111111111
8 0.5871428571428572 0.5861111111111111 0.07964285714285714 0.4666666666666667
8 0.5228571428571429 0.5583333333333333 0.04642857142857143 0.4173611111111111
8 0.4185714285714286 0.5 0.05964285714285714 0.3715277777777778
3 0.36142857142857143 0.35555555555555557 0.03464285714285714 0.11180555555555556
3 0.41714285714285715 0.35555555555555557 0.022857142857142857 0.08333333333333333
3 0.45285714285714285 0.35 0.03428571428571429 0.13402777777777777
3 0.48142857142857143 0.4222222222222222 0.016785714285714286 0.07847222222222222
3 0.5171428571428571 0.40555555555555556 0.031785714285714285 0.09444444444444444
3 0.5857142857142857 0.40555555555555556 0.04 0.10625
0 0.34285714285714286 0.7166666666666667 0.028214285714285713 0.12291666666666666
0 0.3757142857142857 0.7111111111111111 0.025357142857142856 0.1125
0 0.4257142857142857 0.8666666666666667 0.029285714285714286 0.10069444444444445
0 0.4742857142857143 0.8694444444444445 0.03428571428571429 0.14027777777777778
0 0.51 0.6694444444444444 0.015 0.07152777777777777
0 0.5328571428571428 0.6916666666666667 0.016785714285714286 0.1
0 0.57 0.7444444444444445 0.025357142857142856 0.14444444444444443
0 0.6085714285714285 0.7305555555555555 0.03357142857142857 0.12916666666666668
1 0.40285714285714286 0.3111111111111111 0.013928571428571429 0.05486111111111111
1 0.5985714285714285 0.36666666666666664 0.02892857142857143 0.05694444444444444
1 0.5685714285714286 0.36666666666666664 0.014285714285714285 0.044444444444444446