2 0.35 0.19166666666666668 0.12285714285714286 0.23958333333333334
2 0.5685714285714286 0.24722222222222223 0.1 0.2708333333333333
9 0.6342857142857142 0.6305555555555555 0.14 0.6180555555555556
9 0.3057142857142857 0.6666666666666666 0.12285714285714286 0.65625
9 0.5428571428571428 0.6833333333333333 0.06535714285714286 0.22847222222222222
9 0.4014285714285714 0.6861111111111111 0.045714285714285714 0.10416666666666667
9 0.47285714285714286 0.7138888888888889 0.08892857142857143 0.2826388888888889
2 0.47 0.8416666666666667 0.048928571428571425 0.19930555555555557
9 0.3842857142857143 0.8555555555555555 0.12571428571428572 0.2659722222222222
9 0.5885714285714285 0.8666666666666667 0.13714285714285715 0.26666666666666666
3 0.3485714285714286 0.28055555555555556 0.1575 0.43333333333333335
3 0.5785714285714286 0.26944444444444443 0.15178571428571427 0.3729166666666667