2 0.4942857142857143 0.3 0.04 0.08055555555555556
2 0.6114285714285714 0.35555555555555557 0.017142857142857144 0.05555555555555555
2 0.7342857142857143 0.39166666666666666 0.03 0.05555555555555555
2 0.4185714285714286 0.39444444444444443 0.02142857142857143 0.06666666666666667
2 0.47285714285714286 0.4111111111111111 0.01 0.03888888888888889
2 0.5457142857142857 0.43333333333333335 0.014285714285714285 0.041666666666666664
9 0.6114285714285714 0.5055555555555555 0.037142857142857144 0.19444444444444445
9 0.42142857142857143 0.5527777777777778 0.04 0.225
9 0.5457142857142857 0.5583333333333333 0.03 0.15555555555555556
9 0.7285714285714285 0.6277777777777778 0.054285714285714284 0.3
9 0.48428571428571426 0.6277777777777778 0.07285714285714286 0.3972222222222222
3 0.49142857142857144 0.3333333333333333 0.07 0.16944444444444445
3 0.4185714285714286 0.4083333333333333 0.047142857142857146 0.12222222222222222
3 0.6128571428571429 0.36666666666666664 0.03857142857142857 0.10833333333333334
3 0.73 0.41388888888888886 0.05142857142857143 0.15833333333333333
3 0.5457142857142857 0.45 0.02 0.08055555555555556
1 0.3985714285714286 0.5777777777777777 0.02142857142857143 0.11944444444444445
1 0.44142857142857145 0.575 0.024285714285714285 0.13333333333333333
1 0.56 0.5611111111111111 0.02857142857142857 0.11944444444444445
1 0.5942857142857143 0.5333333333333333 0.017142857142857144 0.11944444444444445
1 0.6357142857142857 0.5333333333333333 0.03857142857142857 0.1361111111111111
1 0.6985714285714286 0.6583333333333333 0.032857142857142856 0.22777777777777777