9 0.3242857142857143 0.37777777777777777 0.07107142857142858 0.2986111111111111
9 0.5214285714285715 0.4 0.025 0.18819444444444444
9 0.4471428571428571 0.4027777777777778 0.03214285714285714 0.19375
9 0.4857142857142857 0.4111111111111111 0.054642857142857146 0.2569444444444444
9 0.55 0.43333333333333335 0.045714285714285714 0.23402777777777778
9 0.4057142857142857 0.4527777777777778 0.048928571428571425 0.2625
8 0.32857142857142857 0.4888888888888889 0.09142857142857143 0.7840277777777778
8 0.4057142857142857 0.5166666666666667 0.09714285714285714 0.6097222222222223
9 0.6385714285714286 0.5833333333333334 0.05714285714285714 0.2673611111111111
0 0.5971428571428572 0.7805555555555556 0.028214285714285713 0.07847222222222222
0 0.35428571428571426 0.7805555555555556 0.045 0.11041666666666666
0 0.3157142857142857 0.8527777777777777 0.0375 0.09513888888888888
0 0.5828571428571429 0.7527777777777778 0.031785714285714285 0.0625
0 0.5585714285714286 0.7194444444444444 0.025714285714285714 0.07152777777777777
0 0.38857142857142857 0.7805555555555556 0.026071428571428572 0.07291666666666667
8 0.4471428571428571 0.49722222222222223 0.07964285714285714 0.5263888888888889
8 0.48428571428571426 0.49166666666666664 0.07071428571428572 0.6215277777777778
8 0.6428571428571429 0.6555555555555556 0.07464285714285715 0.5715277777777777
0 0.5042857142857143 0.7388888888888889 0.03214285714285714 0.15069444444444444
0 0.4657142857142857 0.7444444444444445 0.03142857142857143 0.13472222222222222
0 0.4257142857142857 0.7416666666666667 0.031785714285714285 0.12291666666666666
3 0.3314285714285714 0.16666666666666666 0.03964285714285714 0.1326388888888889
3 0.40714285714285714 0.2638888888888889 0.028214285714285713 0.09583333333333334
3 0.44857142857142857 0.2777777777777778 0.026071428571428572 0.07152777777777777
3 0.48857142857142855 0.23333333333333334 0.03428571428571429 0.11041666666666666
3 0.5185714285714286 0.26666666666666666 0.022857142857142857 0.07708333333333334
3 0.5542857142857143 0.30277777777777776 0.028214285714285713 0.09583333333333334
3 0.6428571428571429 0.4111111111111111 0.03357142857142857 0.10069444444444445