2 0.33 0.15 0.03142857142857143 0.08888888888888889
2 0.48857142857142855 0.22777777777777777 0.024285714285714285 0.08611111111111111
2 0.4057142857142857 0.25 0.022857142857142857 0.06944444444444445
2 0.5171428571428571 0.2611111111111111 0.018571428571428572 0.06111111111111111
2 0.4471428571428571 0.26666666666666666 0.015714285714285715 0.05
2 0.5557142857142857 0.29444444444444445 0.02 0.08888888888888889
9 0.3242857142857143 0.37777777777777777 0.05285714285714286 0.28888888888888886
2 0.6457142857142857 0.39444444444444443 0.03 0.06111111111111111
9 0.5214285714285715 0.4 0.024285714285714285 0.18611111111111112
9 0.4471428571428571 0.4027777777777778 0.03142857142857143 0.19166666666666668
9 0.4857142857142857 0.4111111111111111 0.047142857142857146 0.25277777777777777
9 0.55 0.43333333333333335 0.041428571428571426 0.23333333333333334
9 0.4057142857142857 0.4527777777777778 0.047142857142857146 0.2638888888888889
9 0.6385714285714286 0.5833333333333334 0.054285714285714284 0.26666666666666666
0 0.5971428571428572 0.7805555555555556 0.025714285714285714 0.075
0 0.35428571428571426 0.7805555555555556 0.041428571428571426 0.10555555555555556
0 0.3157142857142857 0.8527777777777777 0.03571428571428571 0.09444444444444444
0 0.5828571428571429 0.7527777777777778 0.03 0.058333333333333334
0 0.5585714285714286 0.7194444444444444 0.025714285714285714 0.06944444444444445
0 0.38857142857142857 0.7805555555555556 0.024285714285714285 0.075
1 0.29714285714285715 0.4444444444444444 0.04285714285714286 0.16111111111111112
1 0.35285714285714287 0.4222222222222222 0.04285714285714286 0.15833333333333333
1 0.38285714285714284 0.4888888888888889 0.027142857142857142 0.15555555555555556
1 0.4257142857142857 0.4888888888888889 0.03857142857142857 0.17777777777777778
1 0.46285714285714286 0.4361111111111111 0.027142857142857142 0.1361111111111111
1 0.5128571428571429 0.4444444444444444 0.032857142857142856 0.15555555555555556
1 0.5857142857142857 0.625 0.018571428571428572 0.10277777777777777
3 0.32571428571428573 0.1638888888888889 0.045714285714285714 0.16666666666666666
3 0.40285714285714286 0.2611111111111111 0.032857142857142856 0.16666666666666666
3 0.4442857142857143 0.2722222222222222 0.03 0.13333333333333333
3 0.4857142857142857 0.24166666666666667 0.03 0.1638888888888889
3 0.5171428571428571 0.275 0.024285714285714285 0.13055555555555556
3 0.5571428571428572 0.28888888888888886 0.025714285714285714 0.16666666666666666
3 0.6471428571428571 0.4166666666666667 0.03 0.14722222222222223
6 0.5857142857142857 0.3333333333333333 0.02857142857142857 0.10555555555555556
8 0.33 0.48055555555555557 0.08428571428571428 0.8416666666666667
8 0.4057142857142857 0.4888888888888889 0.06142857142857143 0.7388888888888889
8 0.4442857142857143 0.5083333333333333 0.03428571428571429 0.6833333333333333
8 0.48714285714285716 0.48055555555555557 0.037142857142857144 0.725
8 0.5185714285714286 0.5027777777777778 0.032857142857142856 0.6416666666666667
8 0.5428571428571428 0.45 0.06571428571428571 0.7
8 0.5842857142857143 0.5305555555555556 0.05142857142857143 0.5944444444444444
8 0.6428571428571429 0.6222222222222222 0.07857142857142857 0.625