2 0.33 0.15 0.03464285714285714 0.09375
2 0.48857142857142855 0.22777777777777777 0.023571428571428573 0.08819444444444445
2 0.4057142857142857 0.25 0.023571428571428573 0.06805555555555555
2 0.5171428571428571 0.2611111111111111 0.017857142857142856 0.06111111111111111
2 0.4471428571428571 0.26666666666666666 0.016785714285714286 0.050694444444444445
2 0.5557142857142857 0.29444444444444445 0.025 0.09027777777777778
9 0.3242857142857143 0.37777777777777777 0.055 0.28958333333333336
2 0.6457142857142857 0.39444444444444443 0.02892857142857143 0.06111111111111111
9 0.5214285714285715 0.4 0.03428571428571429 0.18958333333333333
9 0.4471428571428571 0.4027777777777778 0.04321428571428571 0.19583333333333333
9 0.4857142857142857 0.4111111111111111 0.0625 0.2611111111111111
9 0.55 0.43333333333333335 0.05392857142857143 0.2388888888888889
9 0.4057142857142857 0.4527777777777778 0.06285714285714286 0.2708333333333333
9 0.6385714285714286 0.5833333333333334 0.06607142857142857 0.27291666666666664
0 0.5971428571428572 0.7805555555555556 0.02857142857142857 0.07708333333333334
0 0.35428571428571426 0.7805555555555556 0.045714285714285714 0.11180555555555556
0 0.3157142857142857 0.8527777777777777 0.03964285714285714 0.09930555555555555
0 0.5828571428571429 0.7527777777777778 0.03142857142857143 0.06180555555555556
0 0.5585714285714286 0.7194444444444444 0.028214285714285713 0.07222222222222222
0 0.38857142857142857 0.7805555555555556 0.023214285714285715 0.07291666666666667
1 0.29714285714285715 0.4444444444444444 0.045714285714285714 0.16527777777777777
1 0.35285714285714287 0.4222222222222222 0.047857142857142855 0.16111111111111112
1 0.38285714285714284 0.4888888888888889 0.028214285714285713 0.15555555555555556
1 0.4257142857142857 0.4888888888888889 0.04857142857142857 0.18333333333333332
1 0.46285714285714286 0.4361111111111111 0.03142857142857143 0.13958333333333334
1 0.5128571428571429 0.4444444444444444 0.03785714285714286 0.15694444444444444
1 0.5857142857142857 0.625 0.017857142857142856 0.10486111111111111
3 0.32571428571428573 0.1638888888888889 0.05071428571428571 0.17152777777777778
3 0.40285714285714286 0.2611111111111111 0.03964285714285714 0.16805555555555557
3 0.4442857142857143 0.2722222222222222 0.03142857142857143 0.13333333333333333
3 0.4857142857142857 0.24166666666666667 0.03357142857142857 0.1625
3 0.5171428571428571 0.275 0.023214285714285715 0.1284722222222222
3 0.5571428571428572 0.28888888888888886 0.028214285714285713 0.16666666666666666
3 0.6471428571428571 0.4166666666666667 0.03642857142857143 0.14930555555555555
6 0.5857142857142857 0.3333333333333333 0.03428571428571429 0.11041666666666666
8 0.33 0.48055555555555557 0.12 0.8486111111111111
8 0.4057142857142857 0.4888888888888889 0.08535714285714285 0.74375
8 0.4442857142857143 0.5083333333333333 0.05178571428571429 0.6840277777777778
8 0.48714285714285716 0.48055555555555557 0.08214285714285714 0.7229166666666667
8 0.5185714285714286 0.5027777777777778 0.03464285714285714 0.6395833333333333
8 0.5428571428571428 0.45 0.06857142857142857 0.7
8 0.5842857142857143 0.5305555555555556 0.06892857142857142 0.5958333333333333
8 0.6428571428571429 0.6222222222222222 0.09642857142857143 0.6284722222222222