2 0.4942857142857143 0.3 0.04285714285714286 0.08402777777777778
2 0.6114285714285714 0.35555555555555557 0.02 0.05694444444444444
2 0.7342857142857143 0.39166666666666666 0.03142857142857143 0.06041666666666667
2 0.4185714285714286 0.39444444444444443 0.0225 0.06736111111111111
2 0.47285714285714286 0.4111111111111111 0.009285714285714286 0.03888888888888889
2 0.5457142857142857 0.43333333333333335 0.014642857142857143 0.04375
9 0.6114285714285714 0.5055555555555555 0.048214285714285716 0.2
9 0.42142857142857143 0.5527777777777778 0.05392857142857143 0.2326388888888889
9 0.5457142857142857 0.5583333333333333 0.03428571428571429 0.1597222222222222
9 0.7285714285714285 0.6277777777777778 0.0625 0.30486111111111114
9 0.48428571428571426 0.6277777777777778 0.08571428571428572 0.40555555555555556
3 0.49142857142857144 0.3333333333333333 0.07357142857142857 0.17222222222222222
3 0.4185714285714286 0.4083333333333333 0.054285714285714284 0.12916666666666668
3 0.6128571428571429 0.36666666666666664 0.04321428571428571 0.11597222222222223
3 0.73 0.41388888888888886 0.05392857142857143 0.16180555555555556
3 0.5457142857142857 0.45 0.02 0.07847222222222222
1 0.3985714285714286 0.5777777777777777 0.025 0.12222222222222222
1 0.44142857142857145 0.575 0.02892857142857143 0.1375
1 0.56 0.5611111111111111 0.033928571428571426 0.12291666666666666
1 0.5942857142857143 0.5333333333333333 0.02214285714285714 0.12222222222222222
1 0.6357142857142857 0.5333333333333333 0.04357142857142857 0.13958333333333334
1 0.6985714285714286 0.6583333333333333 0.04214285714285714 0.22916666666666666