9 0.5985714285714285 0.5222222222222223 0.0375 0.18333333333333332
9 0.5314285714285715 0.5722222222222222 0.035 0.16041666666666668
9 0.4057142857142857 0.5805555555555556 0.0425 0.22777777777777777
9 0.7142857142857143 0.6611111111111111 0.07392857142857143 0.30625
9 0.47285714285714286 0.6638888888888889 0.09964285714285714 0.4270833333333333
8 0.4042857142857143 0.6555555555555556 0.07214285714285715 0.5493055555555556
8 0.47214285714285714 0.6430555555555556 0.10142857142857142 0.7138888888888889
8 0.5357142857142857 0.6111111111111112 0.04928571428571429 0.3541666666666667
8 0.5971428571428572 0.6111111111111112 0.06821428571428571 0.5055555555555555
8 0.7164285714285714 0.7013888888888888 0.09571428571428571 0.5972222222222222
0 0.38857142857142857 0.8722222222222222 0.025714285714285714 0.10138888888888889
0 0.42 0.8694444444444445 0.025357142857142856 0.11666666666666667
0 0.6085714285714285 0.8222222222222222 0.02857142857142857 0.07847222222222222
0 0.685 0.9597222222222223 0.032857142857142856 0.08055555555555556
0 0.735 0.9625 0.03 0.075
3 0.4042857142857143 0.4388888888888889 0.031071428571428573 0.10972222222222222
3 0.4757142857142857 0.35833333333333334 0.05142857142857143 0.14375
3 0.5971428571428572 0.39166666666666666 0.03357142857142857 0.08819444444444445
3 0.5314285714285715 0.4638888888888889 0.02 0.06597222222222222
3 0.7171428571428572 0.4583333333333333 0.031785714285714285 0.10555555555555556