9 0.3242857142857143 0.37777777777777777 0.05964285714285714 0.2902777777777778
9 0.5214285714285715 0.4 0.02857142857142857 0.18888888888888888
9 0.4471428571428571 0.4027777777777778 0.04285714285714286 0.19583333333333333
9 0.4857142857142857 0.4111111111111111 0.052142857142857144 0.25625
9 0.55 0.43333333333333335 0.05357142857142857 0.2388888888888889
9 0.4057142857142857 0.4527777777777778 0.05678571428571429 0.26666666666666666
8 0.32857142857142857 0.4888888888888889 0.09464285714285714 0.7875
8 0.4057142857142857 0.5166666666666667 0.07678571428571429 0.6104166666666667
9 0.6385714285714286 0.5833333333333334 0.06821428571428571 0.27291666666666664
0 0.5971428571428572 0.7805555555555556 0.02857142857142857 0.08194444444444444
0 0.35428571428571426 0.7805555555555556 0.0425 0.10625
0 0.3157142857142857 0.8527777777777777 0.037142857142857144 0.09444444444444444
0 0.5828571428571429 0.7527777777777778 0.02892857142857143 0.06041666666666667
0 0.5585714285714286 0.7194444444444444 0.02892857142857143 0.07361111111111111
0 0.38857142857142857 0.7805555555555556 0.02892857142857143 0.07777777777777778
8 0.4471428571428571 0.49722222222222223 0.07964285714285714 0.5263888888888889
8 0.48428571428571426 0.49166666666666664 0.05964285714285714 0.6180555555555556
8 0.6428571428571429 0.6555555555555556 0.06928571428571428 0.5680555555555555
0 0.5042857142857143 0.7388888888888889 0.0375 0.15486111111111112
0 0.4657142857142857 0.7444444444444445 0.02892857142857143 0.13472222222222222
0 0.4257142857142857 0.7416666666666667 0.031785714285714285 0.12291666666666666
3 0.3314285714285714 0.16666666666666666 0.040357142857142855 0.1326388888888889
3 0.40714285714285714 0.2638888888888889 0.028214285714285713 0.09583333333333334
3 0.44857142857142857 0.2777777777777778 0.025357142857142856 0.06805555555555555
3 0.48857142857142855 0.23333333333333334 0.03357142857142857 0.11041666666666666
3 0.5185714285714286 0.26666666666666666 0.025 0.07777777777777778
3 0.5542857142857143 0.30277777777777776 0.022857142857142857 0.09444444444444444
3 0.6428571428571429 0.4111111111111111 0.03428571428571429 0.10138888888888889