2 0.4928571428571429 0.1388888888888889 0.04214285714285714 0.10069444444444445
2 0.2842857142857143 0.19166666666666668 0.03642857142857143 0.1
2 0.35428571428571426 0.2638888888888889 0.031071428571428573 0.10416666666666667
2 0.5857142857142857 0.2722222222222222 0.04321428571428571 0.11041666666666666
2 0.4228571428571429 0.28055555555555556 0.03142857142857143 0.08472222222222223
9 0.2857142857142857 0.39166666666666666 0.06535714285714286 0.2777777777777778
9 0.25142857142857145 0.4027777777777778 0.02214285714285714 0.13958333333333334
9 0.49142857142857144 0.4222222222222222 0.075 0.34444444444444444
9 0.36142857142857143 0.4222222222222222 0.05178571428571429 0.24305555555555555
9 0.3171428571428571 0.4305555555555556 0.0225 0.16111111111111112
9 0.46 0.475 0.016785714285714286 0.11736111111111111
9 0.3985714285714286 0.4861111111111111 0.013928571428571429 0.13958333333333334
9 0.38571428571428573 0.49444444444444446 0.02 0.10625
9 0.5157142857142857 0.49722222222222223 0.037142857142857144 0.20694444444444443
9 0.44 0.5027777777777778 0.02857142857142857 0.16180555555555556
9 0.3342857142857143 0.5027777777777778 0.010714285714285714 0.08333333333333333
9 0.4185714285714286 0.5055555555555555 0.06857142857142857 0.2875
9 0.58 0.6166666666666667 0.09785714285714285 0.47638888888888886
9 0.5257142857142857 0.6777777777777778 0.04535714285714286 0.2569444444444444
9 0.6185714285714285 0.7472222222222222 0.0425 0.20694444444444443
8 0.28285714285714286 0.48333333333333334 0.07178571428571429 0.7118055555555556
8 0.3557142857142857 0.5277777777777778 0.095 0.64375
8 0.42 0.5527777777777778 0.08071428571428571 0.6777777777777778
8 0.48214285714285715 0.5430555555555555 0.11285714285714285 0.9138888888888889
8 0.585 0.5930555555555556 0.17285714285714285 0.8138888888888889
3 0.2857142857142857 0.2111111111111111 0.054285714285714284 0.16041666666666668
3 0.35714285714285715 0.26666666666666666 0.048214285714285716 0.14305555555555555
3 0.4257142857142857 0.30833333333333335 0.040357142857142855 0.15
3 0.48857142857142855 0.16666666666666666 0.0625 0.18333333333333332
3 0.5857142857142857 0.30277777777777776 0.05785714285714286 0.25555555555555554
0 0.26 0.7472222222222222 0.029285714285714286 0.12708333333333333
0 0.2985714285714286 0.7416666666666667 0.02642857142857143 0.11527777777777778
0 0.3414285714285714 0.7388888888888889 0.03785714285714286 0.16805555555555557
0 0.37285714285714283 0.7527777777777778 0.026071428571428572 0.19444444444444445
0 0.40285714285714286 0.7833333333333333 0.03357142857142857 0.15694444444444444
0 0.43142857142857144 0.8111111111111111 0.023571428571428573 0.2
0 0.4657142857142857 0.9083333333333333 0.029285714285714286 0.10625
0 0.495 0.9263888888888889 0.03571428571428571 0.14722222222222223