2 0.33 0.15 0.03642857142857143 0.09375
2 0.48857142857142855 0.22777777777777777 0.028214285714285713 0.08958333333333333
2 0.4057142857142857 0.25 0.023214285714285715 0.06805555555555555
2 0.5171428571428571 0.2611111111111111 0.017857142857142856 0.06111111111111111
2 0.4471428571428571 0.26666666666666666 0.016785714285714286 0.050694444444444445
2 0.5557142857142857 0.29444444444444445 0.02 0.08888888888888889
9 0.3242857142857143 0.37777777777777777 0.06821428571428571 0.2951388888888889
2 0.6457142857142857 0.39444444444444443 0.031785714285714285 0.06597222222222222
9 0.5214285714285715 0.4 0.028214285714285713 0.18888888888888888
9 0.4471428571428571 0.4027777777777778 0.03642857142857143 0.19444444444444445
9 0.4857142857142857 0.4111111111111111 0.04857142857142857 0.25555555555555554
9 0.55 0.43333333333333335 0.05107142857142857 0.23819444444444443
9 0.4057142857142857 0.4527777777777778 0.052142857142857144 0.2659722222222222
9 0.6385714285714286 0.5833333333333334 0.06285714285714286 0.2722222222222222
0 0.5971428571428572 0.7805555555555556 0.028214285714285713 0.07708333333333334
0 0.35428571428571426 0.7805555555555556 0.04321428571428571 0.11041666666666666
0 0.3157142857142857 0.8527777777777777 0.040357142857142855 0.1
0 0.5828571428571429 0.7527777777777778 0.031785714285714285 0.06597222222222222
0 0.5585714285714286 0.7194444444444444 0.028214285714285713 0.07291666666666667
0 0.38857142857142857 0.7805555555555556 0.025357142857142856 0.07361111111111111
1 0.29714285714285715 0.4444444444444444 0.045714285714285714 0.16527777777777777
1 0.35285714285714287 0.4222222222222222 0.04928571428571429 0.16180555555555556
1 0.38285714285714284 0.4888888888888889 0.031071428571428573 0.15625
1 0.4257142857142857 0.4888888888888889 0.04535714285714286 0.18263888888888888
1 0.46285714285714286 0.4361111111111111 0.028214285714285713 0.13819444444444445
1 0.5128571428571429 0.4444444444444444 0.04214285714285714 0.16041666666666668
1 0.5857142857142857 0.625 0.0225 0.10555555555555556
3 0.32571428571428573 0.1638888888888889 0.04607142857142857 0.16666666666666666
3 0.40285714285714286 0.2611111111111111 0.03428571428571429 0.16666666666666666
3 0.4442857142857143 0.2722222222222222 0.033928571428571426 0.13472222222222222
3 0.4857142857142857 0.24166666666666667 0.037142857142857144 0.16597222222222222
3 0.5171428571428571 0.275 0.026071428571428572 0.12916666666666668
3 0.5571428571428572 0.28888888888888886 0.03142857142857143 0.1673611111111111
3 0.6471428571428571 0.4166666666666667 0.03785714285714286 0.15
6 0.5857142857142857 0.3333333333333333 0.031071428571428573 0.10625
8 0.33 0.48055555555555557 0.09428571428571429 0.84375
8 0.4057142857142857 0.4888888888888889 0.07928571428571428 0.7430555555555556
8 0.4442857142857143 0.5083333333333333 0.060714285714285714 0.6833333333333333
8 0.48714285714285716 0.48055555555555557 0.07464285714285715 0.7263888888888889
8 0.5185714285714286 0.5027777777777778 0.054285714285714284 0.6395833333333333
8 0.5428571428571428 0.45 0.085 0.7048611111111112
8 0.5842857142857143 0.5305555555555556 0.06642857142857143 0.5958333333333333
8 0.6428571428571429 0.6222222222222222 0.10035714285714285 0.6319444444444444