2 0.45571428571428574 0.33055555555555555 0.024285714285714285 0.06666666666666667
2 0.3628571428571429 0.33611111111111114 0.02 0.041666666666666664
2 0.4185714285714286 0.3472222222222222 0.014285714285714285 0.03611111111111111
9 0.3914285714285714 0.3611111111111111 0.02142857142857143 0.07777777777777778
9 0.34285714285714286 0.37777777777777777 0.02 0.05277777777777778
9 0.4142857142857143 0.38055555555555554 0.02 0.03888888888888889
2 0.5828571428571429 0.39444444444444443 0.017142857142857144 0.03333333333333333
9 0.49142857142857144 0.4 0.012857142857142857 0.075
2 0.48 0.4027777777777778 0.01 0.030555555555555555
2 0.5114285714285715 0.40555555555555556 0.014285714285714285 0.05
9 0.5628571428571428 0.4111111111111111 0.02 0.08055555555555556
9 0.5985714285714285 0.425 0.012857142857142857 0.05555555555555555
9 0.5271428571428571 0.4305555555555556 0.015714285714285715 0.044444444444444446
9 0.4142857142857143 0.44166666666666665 0.017142857142857144 0.10277777777777777
9 0.5071428571428571 0.4444444444444444 0.007142857142857143 0.044444444444444446
9 0.5214285714285715 0.44722222222222224 0.027142857142857142 0.12777777777777777
9 0.36428571428571427 0.4527777777777778 0.03571428571428571 0.14722222222222223
9 0.4828571428571429 0.49166666666666664 0.012857142857142857 0.10555555555555556
9 0.5785714285714286 0.5138888888888888 0.03857142857142857 0.15833333333333333
9 0.45 0.5277777777777778 0.045714285714285714 0.25
8 0.36 0.5333333333333333 0.055714285714285716 0.4527777777777778
8 0.45285714285714285 0.6194444444444445 0.07142857142857142 0.6416666666666667
8 0.5871428571428572 0.5861111111111111 0.07142857142857142 0.4638888888888889
8 0.5228571428571429 0.5583333333333333 0.045714285714285714 0.41944444444444445
8 0.4185714285714286 0.5 0.041428571428571426 0.36666666666666664
3 0.36142857142857143 0.35555555555555557 0.03142857142857143 0.10833333333333334
3 0.41714285714285715 0.35555555555555557 0.022857142857142857 0.08333333333333333
3 0.45285714285714285 0.35 0.027142857142857142 0.13055555555555556
3 0.48142857142857143 0.4222222222222222 0.015714285714285715 0.08055555555555556
3 0.5171428571428571 0.40555555555555556 0.02857142857142857 0.09166666666666666
3 0.5857142857142857 0.40555555555555556 0.03428571428571429 0.10277777777777777
0 0.34285714285714286 0.7166666666666667 0.027142857142857142 0.125
0 0.3757142857142857 0.7111111111111111 0.02 0.11388888888888889
0 0.4257142857142857 0.8666666666666667 0.027142857142857142 0.1
0 0.4742857142857143 0.8694444444444445 0.03 0.1388888888888889
0 0.51 0.6694444444444444 0.015714285714285715 0.06944444444444445
0 0.5328571428571428 0.6916666666666667 0.014285714285714285 0.1
0 0.57 0.7444444444444445 0.022857142857142857 0.14444444444444443
0 0.6085714285714285 0.7305555555555555 0.02857142857142857 0.12777777777777777
1 0.40285714285714286 0.3111111111111111 0.012857142857142857 0.05277777777777778
1 0.5985714285714285 0.36666666666666664 0.02857142857142857 0.058333333333333334
1 0.5685714285714286 0.36666666666666664 0.012857142857142857 0.041666666666666664