2 0.35 0.19166666666666668 0.11571428571428571 0.22777777777777777
2 0.5685714285714286 0.24722222222222223 0.09142857142857143 0.25833333333333336
9 0.6342857142857142 0.6305555555555555 0.13857142857142857 0.6194444444444445
9 0.3057142857142857 0.6666666666666666 0.12 0.6555555555555556
9 0.5428571428571428 0.6833333333333333 0.05142857142857143 0.21944444444444444
9 0.4014285714285714 0.6861111111111111 0.04428571428571428 0.1
9 0.47285714285714286 0.7138888888888889 0.08571428571428572 0.2777777777777778
2 0.47 0.8416666666666667 0.041428571428571426 0.19444444444444445
9 0.3842857142857143 0.8555555555555555 0.11571428571428571 0.25
9 0.5885714285714285 0.8666666666666667 0.1357142857142857 0.2638888888888889
3 0.3485714285714286 0.28055555555555556 0.13857142857142857 0.4111111111111111
3 0.5785714285714286 0.26944444444444443 0.1357142857142857 0.3527777777777778