9 0.5985714285714285 0.5222222222222223 0.04357142857142857 0.18819444444444444
9 0.5314285714285715 0.5722222222222222 0.0375 0.16041666666666668
9 0.4057142857142857 0.5805555555555556 0.045714285714285714 0.22916666666666666
9 0.7142857142857143 0.6611111111111111 0.07357142857142857 0.3055555555555556
9 0.47285714285714286 0.6638888888888889 0.10035714285714285 0.4270833333333333
8 0.4042857142857143 0.6555555555555556 0.08785714285714286 0.5493055555555556
8 0.47285714285714286 0.6416666666666667 0.11428571428571428 0.7166666666666667
8 0.5357142857142857 0.6111111111111112 0.05928571428571429 0.3541666666666667
8 0.5971428571428572 0.6111111111111112 0.054642857142857146 0.5013888888888889
8 0.7164285714285714 0.7 0.11 0.6
0 0.38857142857142857 0.8722222222222222 0.028214285714285713 0.10486111111111111
0 0.42 0.8694444444444445 0.025357142857142856 0.11666666666666667
0 0.6085714285714285 0.8222222222222222 0.03142857142857143 0.08333333333333333
0 0.6857142857142857 0.9597222222222223 0.03142857142857143 0.08055555555555556
0 0.7357142857142858 0.9638888888888889 0.02892857142857143 0.07222222222222222
3 0.4042857142857143 0.4388888888888889 0.031071428571428573 0.10972222222222222
3 0.4757142857142857 0.35833333333333334 0.05392857142857143 0.1451388888888889
3 0.5971428571428572 0.39166666666666666 0.02892857142857143 0.08333333333333333
3 0.5314285714285715 0.4638888888888889 0.017857142857142856 0.0625
3 0.7171428571428572 0.4583333333333333 0.031785714285714285 0.10625