2 0.2671428571428571 0.25277777777777777 0.045714285714285714 0.18055555555555555
2 0.37 0.25833333333333336 0.045714285714285714 0.15
2 0.6842857142857143 0.26944444444444443 0.03428571428571429 0.08055555555555556
2 0.5328571428571428 0.28888888888888886 0.041428571428571426 0.10277777777777777
2 0.44 0.4 0.06 0.18888888888888888
9 0.6842857142857143 0.4666666666666667 0.06714285714285714 0.20833333333333334
9 0.2857142857142857 0.48333333333333334 0.08571428571428572 0.325
9 0.3757142857142857 0.48333333333333334 0.07285714285714286 0.24444444444444444
9 0.5314285714285715 0.5333333333333333 0.07857142857142857 0.28888888888888886
9 0.45285714285714285 0.75 0.10285714285714286 0.41944444444444445
3 0.5328571428571428 0.3333333333333333 0.06 0.2361111111111111
3 0.6857142857142857 0.3 0.04428571428571428 0.18055555555555555