2 0.3757142857142857 0.2111111111111111 0.013928571428571429 0.04375
2 0.5242857142857142 0.22777777777777777 0.013928571428571429 0.04513888888888889
2 0.4357142857142857 0.24722222222222223 0.014285714285714285 0.044444444444444446
2 0.5585714285714286 0.25555555555555554 0.014285714285714285 0.044444444444444446
2 0.4685714285714286 0.275 0.014285714285714285 0.044444444444444446
2 0.5014285714285714 0.28888888888888886 0.01107142857142857 0.03333333333333333
9 0.5257142857142857 0.3333333333333333 0.02857142857142857 0.12777777777777777
2 0.3742857142857143 0.3416666666666667 0.033928571428571426 0.15625
9 0.5342857142857143 0.3472222222222222 0.014285714285714285 0.09375
9 0.4328571428571429 0.3472222222222222 0.025357142857142856 0.1284722222222222
9 0.46714285714285714 0.35833333333333334 0.028214285714285713 0.11666666666666667
9 0.42 0.35833333333333334 0.012142857142857143 0.07152777777777777
9 0.5 0.375 0.02857142857142857 0.11736111111111111
9 0.5085714285714286 0.375 0.010714285714285714 0.07152777777777777
9 0.5571428571428572 0.375 0.035 0.15486111111111112
9 0.48 0.38333333333333336 0.008214285714285714 0.044444444444444446
9 0.48857142857142855 0.38333333333333336 0.008571428571428572 0.05625
9 0.4542857142857143 0.3888888888888889 0.0064285714285714285 0.05
9 0.5414285714285715 0.4222222222222222 0.011428571428571429 0.06736111111111111
9 0.5714285714285714 0.425 0.011785714285714287 0.06180555555555556
8 0.3742857142857143 0.4 0.05678571428571429 0.42291666666666666
8 0.42857142857142855 0.37222222222222223 0.05071428571428571 0.3229166666666667
8 0.4685714285714286 0.39166666666666666 0.05142857142857143 0.30625
8 0.49714285714285716 0.4083333333333333 0.04607142857142857 0.29305555555555557
8 0.5242857142857142 0.3888888888888889 0.040357142857142855 0.3888888888888889
8 0.5657142857142857 0.4222222222222222 0.048214285714285716 0.3659722222222222
3 0.37285714285714283 0.2222222222222222 0.02857142857142857 0.08263888888888889
3 0.4357142857142857 0.25833333333333336 0.025357142857142856 0.08958333333333333
3 0.4685714285714286 0.28055555555555556 0.0225 0.06736111111111111
3 0.5014285714285714 0.3055555555555556 0.016785714285714286 0.06180555555555556
3 0.5257142857142857 0.2361111111111111 0.025714285714285714 0.07777777777777778
3 0.5585714285714286 0.2722222222222222 0.02857142857142857 0.08263888888888889
0 0.3628571428571429 0.5666666666666667 0.023214285714285715 0.06666666666666667
0 0.38857142857142857 0.575 0.023214285714285715 0.07083333333333333
0 0.42428571428571427 0.5222222222222223 0.017142857142857144 0.05694444444444444
0 0.4357142857142857 0.5194444444444445 0.016785714285714286 0.06111111111111111
0 0.5171428571428571 0.5194444444444445 0.006071428571428571 0.08263888888888889
0 0.5314285714285715 0.5388888888888889 0.016428571428571428 0.07847222222222222
0 0.57 0.5722222222222222 0.02642857142857143 0.1125
0 0.5528571428571428 0.5694444444444444 0.022857142857142857 0.09444444444444444
0 0.4614285714285714 0.5138888888888888 0.016785714285714286 0.06180555555555556
0 0.47285714285714286 0.5222222222222223 0.0175 0.06736111111111111
0 0.49142857142857144 0.5194444444444445 0.017857142857142856 0.050694444444444445
0 0.5057142857142857 0.5222222222222223 0.01107142857142857 0.03958333333333333