8 0.5485714285714286 0.5888888888888889 0.04 0.35555555555555557
8 0.7235714285714285 0.6819444444444445 0.07 0.6361111111111111
8 0.6142857142857143 0.5777777777777777 0.08321428571428571 0.50625
8 0.4228571428571429 0.625 0.06892857142857142 0.5291666666666667
2 0.47285714285714286 0.4111111111111111 0.01107142857142857 0.03888888888888889
2 0.5457142857142857 0.43333333333333335 0.016785714285714286 0.044444444444444446
9 0.6114285714285714 0.5055555555555555 0.04071428571428572 0.1951388888888889
9 0.42142857142857143 0.5527777777777778 0.048214285714285716 0.22916666666666666
9 0.5457142857142857 0.5583333333333333 0.029285714285714286 0.15555555555555556
8 0.4907142857142857 0.6291666666666667 0.10714285714285714 0.7416666666666667
9 0.7285714285714285 0.6277777777777778 0.06285714285714286 0.3055555555555556
0 0.6257142857142857 0.7972222222222223 0.033928571428571426 0.08333333333333333
9 0.48428571428571426 0.6277777777777778 0.07785714285714286 0.4013888888888889
0 0.4057142857142857 0.8416666666666667 0.023214285714285715 0.10486111111111111
0 0.43714285714285717 0.8388888888888889 0.027857142857142858 0.09861111111111111
3 0.4942857142857143 0.33611111111111114 0.04607142857142857 0.13958333333333334
3 0.4185714285714286 0.4083333333333333 0.02642857142857143 0.10069444444444445
3 0.6128571428571429 0.37222222222222223 0.02642857142857143 0.09861111111111111
3 0.7357142857142858 0.4166666666666667 0.03214285714285714 0.1111111111111111