2 0.35 0.19166666666666668 0.12821428571428573 0.25
2 0.5685714285714286 0.24722222222222223 0.1 0.2708333333333333
9 0.6342857142857142 0.6305555555555555 0.15392857142857144 0.6284722222222222
9 0.3057142857142857 0.6666666666666666 0.12285714285714286 0.65625
9 0.5428571428571428 0.6833333333333333 0.056428571428571425 0.22291666666666668
9 0.4014285714285714 0.6861111111111111 0.045714285714285714 0.10416666666666667
9 0.47285714285714286 0.7138888888888889 0.0975 0.28958333333333336
2 0.47 0.8416666666666667 0.04357142857142857 0.1951388888888889
9 0.3842857142857143 0.8555555555555555 0.12571428571428572 0.2659722222222222
9 0.5885714285714285 0.8597222222222223 0.15142857142857144 0.28055555555555556
8 0.33214285714285713 0.5291666666666667 0.23 0.9416666666666667
8 0.47714285714285715 0.6694444444444444 0.09642857142857143 0.5326388888888889
8 0.6121428571428571 0.5597222222222222 0.21571428571428572 0.8805555555555555
3 0.34285714285714286 0.25555555555555554 0.13392857142857142 0.4013888888888889
3 0.5685714285714286 0.2833333333333333 0.12035714285714286 0.3451388888888889