2 0.4942857142857143 0.3 0.0425 0.08333333333333333
2 0.6114285714285714 0.35555555555555557 0.02 0.05694444444444444
2 0.7342857142857143 0.39166666666666666 0.03142857142857143 0.06041666666666667
2 0.4185714285714286 0.39444444444444443 0.023214285714285715 0.06805555555555555
2 0.47285714285714286 0.4111111111111111 0.009285714285714286 0.03888888888888889
2 0.5457142857142857 0.43333333333333335 0.014285714285714285 0.04375
9 0.6114285714285714 0.5055555555555555 0.03964285714285714 0.1951388888888889
9 0.42142857142857143 0.5527777777777778 0.04285714285714286 0.22777777777777777
9 0.5457142857142857 0.5583333333333333 0.03678571428571428 0.1597222222222222
9 0.7285714285714285 0.6277777777777778 0.06285714285714286 0.30486111111111114
9 0.48428571428571426 0.6277777777777778 0.09178571428571429 0.4097222222222222
3 0.49142857142857144 0.3333333333333333 0.07392857142857143 0.1763888888888889
3 0.4185714285714286 0.4083333333333333 0.05357142857142857 0.1284722222222222
3 0.6128571428571429 0.36666666666666664 0.04357142857142857 0.11666666666666667
3 0.73 0.41388888888888886 0.05357142857142857 0.16111111111111112
3 0.5457142857142857 0.45 0.022857142857142857 0.07916666666666666
1 0.3985714285714286 0.5777777777777777 0.028214285714285713 0.12291666666666666
1 0.44142857142857145 0.575 0.030714285714285715 0.1375
1 0.56 0.5611111111111111 0.03142857142857143 0.12222222222222222
1 0.5942857142857143 0.5333333333333333 0.019642857142857142 0.12152777777777778
1 0.6357142857142857 0.5333333333333333 0.04285714285714286 0.1388888888888889
1 0.6985714285714286 0.6583333333333333 0.03464285714285714 0.22847222222222222