2 0.2671428571428571 0.25277777777777777 0.05107142857142857 0.18472222222222223
2 0.37 0.25833333333333336 0.04928571428571429 0.15486111111111112
2 0.6842857142857143 0.26944444444444443 0.03678571428571428 0.08402777777777778
2 0.5328571428571428 0.28888888888888886 0.047857142857142855 0.11041666666666666
2 0.44 0.4 0.062142857142857146 0.18958333333333333
9 0.6842857142857143 0.4666666666666667 0.07428571428571429 0.21736111111111112
9 0.2857142857142857 0.48333333333333334 0.09107142857142857 0.3277777777777778
9 0.3757142857142857 0.48333333333333334 0.07428571428571429 0.24513888888888888
9 0.5314285714285715 0.5333333333333333 0.085 0.29375
9 0.45285714285714285 0.75 0.1225 0.4340277777777778
3 0.5328571428571428 0.3333333333333333 0.07392857142857143 0.24444444444444444
3 0.6857142857142857 0.3 0.054285714285714284 0.1875