8 0.5485714285714286 0.5888888888888889 0.037142857142857144 0.35555555555555557
8 0.7242857142857143 0.6833333333333333 0.06571428571428571 0.6333333333333333
8 0.6142857142857143 0.5777777777777777 0.05857142857142857 0.5027777777777778
8 0.4228571428571429 0.625 0.05857142857142857 0.5277777777777778
2 0.47285714285714286 0.4111111111111111 0.01 0.03888888888888889
2 0.5457142857142857 0.43333333333333335 0.014285714285714285 0.041666666666666664
9 0.6114285714285714 0.5055555555555555 0.03857142857142857 0.19444444444444445
9 0.42142857142857143 0.5527777777777778 0.04 0.225
9 0.5457142857142857 0.5583333333333333 0.03 0.15555555555555556
8 0.49142857142857144 0.6305555555555555 0.09 0.7388888888888889
9 0.7285714285714285 0.6277777777777778 0.054285714285714284 0.30277777777777776
0 0.6257142857142857 0.7972222222222223 0.03 0.07777777777777778
9 0.48428571428571426 0.6277777777777778 0.07285714285714286 0.3972222222222222
0 0.4057142857142857 0.8416666666666667 0.022857142857142857 0.10277777777777777
0 0.43714285714285717 0.8388888888888889 0.02142857142857143 0.09444444444444444
3 0.4942857142857143 0.33611111111111114 0.047142857142857146 0.14166666666666666
3 0.4185714285714286 0.4083333333333333 0.025714285714285714 0.1
3 0.6128571428571429 0.37222222222222223 0.022857142857142857 0.09444444444444444
3 0.7357142857142858 0.4166666666666667 0.03142857142857143 0.10833333333333334