9 0.5985714285714285 0.5222222222222223 0.03571428571428571 0.18333333333333332
9 0.5314285714285715 0.5722222222222222 0.03142857142857143 0.15833333333333333
9 0.4057142857142857 0.5805555555555556 0.041428571428571426 0.22777777777777777
9 0.7142857142857143 0.6611111111111111 0.06 0.2972222222222222
9 0.47285714285714286 0.6638888888888889 0.07571428571428572 0.41388888888888886
8 0.4042857142857143 0.6555555555555556 0.054285714285714284 0.5444444444444444
8 0.47285714285714286 0.6444444444444445 0.08428571428571428 0.7083333333333334
8 0.5357142857142857 0.6111111111111112 0.03857142857142857 0.35
8 0.5971428571428572 0.6111111111111112 0.04857142857142857 0.5027777777777778
8 0.7171428571428572 0.7027777777777777 0.07857142857142857 0.5916666666666667
0 0.38857142857142857 0.8722222222222222 0.022857142857142857 0.10277777777777777
0 0.42 0.8694444444444445 0.02142857142857143 0.11388888888888889
0 0.6085714285714285 0.8222222222222222 0.02857142857142857 0.08055555555555556
0 0.6857142857142857 0.9611111111111111 0.03 0.07777777777777778
0 0.7357142857142858 0.9638888888888889 0.02857142857142857 0.06944444444444445
3 0.4042857142857143 0.4388888888888889 0.027142857142857142 0.10555555555555556
3 0.4757142857142857 0.35833333333333334 0.04857142857142857 0.14166666666666666
3 0.5971428571428572 0.39166666666666666 0.027142857142857142 0.08055555555555556
3 0.5314285714285715 0.4638888888888889 0.017142857142857144 0.06388888888888888
3 0.7171428571428572 0.4583333333333333 0.03142857142857143 0.10555555555555556