8 0.5485714285714286 0.5888888888888889 0.05107142857142857 0.35694444444444445
8 0.7235714285714285 0.6819444444444445 0.07571428571428572 0.6361111111111111
8 0.6142857142857143 0.5777777777777777 0.06607142857142857 0.5048611111111111
8 0.4228571428571429 0.625 0.06892857142857142 0.5291666666666667
2 0.47285714285714286 0.4111111111111111 0.009285714285714286 0.03888888888888889
2 0.5457142857142857 0.43333333333333335 0.016428571428571428 0.044444444444444446
9 0.6114285714285714 0.5055555555555555 0.03964285714285714 0.19444444444444445
9 0.42142857142857143 0.5527777777777778 0.04607142857142857 0.22847222222222222
9 0.5457142857142857 0.5583333333333333 0.02892857142857143 0.15555555555555556
8 0.4907142857142857 0.6277777777777778 0.11571428571428571 0.7444444444444445
9 0.7285714285714285 0.6277777777777778 0.06821428571428571 0.30972222222222223
0 0.6257142857142857 0.7972222222222223 0.02892857142857143 0.07777777777777778
9 0.48428571428571426 0.6277777777777778 0.08785714285714286 0.40625
0 0.4057142857142857 0.8416666666666667 0.02857142857142857 0.10625
0 0.43714285714285717 0.8388888888888889 0.025357142857142856 0.09513888888888888
3 0.4942857142857143 0.33611111111111114 0.05142857142857143 0.1451388888888889
3 0.4185714285714286 0.4083333333333333 0.02892857142857143 0.10416666666666667
3 0.6128571428571429 0.37222222222222223 0.02642857142857143 0.09861111111111111
3 0.7357142857142858 0.4166666666666667 0.033928571428571426 0.1111111111111111