9 0.3514285714285714 0.4083333333333333 0.07928571428571428 0.36736111111111114
0 0.32857142857142857 0.9777777777777777 0.02 0.044444444444444446
0 0.37 0.9166666666666666 0.0425 0.09861111111111111
0 0.4692857142857143 0.9652777777777778 0.041428571428571426 0.06944444444444445
0 0.49857142857142855 0.9527777777777777 0.025714285714285714 0.09444444444444444
8 0.48428571428571426 0.5083333333333333 0.15785714285714286 0.9833333333333333
8 0.34285714285714286 0.5097222222222222 0.16857142857142857 0.9805555555555555
5 0.4857142857142857 0.3611111111111111 0.03142857142857143 0.0875
5 0.4185714285714286 0.5638888888888889 0.028214285714285713 0.09305555555555556
7 0.48857142857142855 0.37777777777777777 0.07428571428571429 0.3611111111111111
3 0.35428571428571426 0.1388888888888889 0.05392857142857143 0.18888888888888888
6 0.4857142857142857 0.10555555555555556 0.048928571428571425 0.15069444444444444