8 0.505 0.5125 0.18428571428571427 0.975
8 0.3464285714285714 0.5069444444444444 0.18142857142857144 0.9861111111111112
2 0.35714285714285715 0.09722222222222222 0.05071428571428571 0.10694444444444444
9 0.35285714285714287 0.4027777777777778 0.08571428571428572 0.36041666666666666
4 0.33 0.9722222222222222 0.019285714285714285 0.05555555555555555
4 0.37 0.9111111111111111 0.040357142857142855 0.09444444444444444
4 0.495 0.9541666666666667 0.03857142857142857 0.09166666666666666
6 0.5 0.11944444444444445 0.052142857142857144 0.16180555555555556
3 0.35714285714285715 0.1361111111111111 0.07392857142857143 0.20694444444444443
5 0.4585714285714286 0.41388888888888886 0.04928571428571429 0.07708333333333334
5 0.5014285714285714 0.4444444444444444 0.054642857142857146 0.10625
7 0.5257142857142857 0.41388888888888886 0.09714285714285714 0.4777777777777778