9 0.3514285714285714 0.4083333333333333 0.09107142857142857 0.37222222222222223
0 0.32785714285714285 0.9763888888888889 0.02142857142857143 0.04722222222222222
0 0.37 0.9166666666666666 0.04 0.09375
0 0.4692857142857143 0.9652777777777778 0.041428571428571426 0.06944444444444445
0 0.49857142857142855 0.9527777777777777 0.025 0.09444444444444444
8 0.48428571428571426 0.5027777777777778 0.20857142857142857 0.9944444444444445
8 0.34214285714285714 0.5125 0.11857142857142858 0.975
5 0.4857142857142857 0.3611111111111111 0.03142857142857143 0.0875
5 0.4185714285714286 0.5638888888888889 0.025714285714285714 0.08888888888888889
7 0.48857142857142855 0.37777777777777777 0.06321428571428571 0.35555555555555557
3 0.35428571428571426 0.1388888888888889 0.04642857142857143 0.18333333333333332
6 0.4857142857142857 0.10555555555555556 0.04607142857142857 0.15