8 0.5057142857142857 0.5166666666666667 0.13 0.9666666666666667
8 0.34714285714285714 0.5111111111111111 0.14 0.975
2 0.35714285714285715 0.09722222222222222 0.04428571428571428 0.1
9 0.35285714285714287 0.4027777777777778 0.07285714285714286 0.3527777777777778
4 0.33 0.9722222222222222 0.017142857142857144 0.05277777777777778
4 0.37 0.9111111111111111 0.03857142857142857 0.09166666666666666
4 0.4957142857142857 0.9555555555555556 0.03428571428571429 0.08611111111111111
6 0.5 0.11944444444444445 0.05142857142857143 0.16111111111111112
3 0.35714285714285715 0.1361111111111111 0.06571428571428571 0.2
5 0.4585714285714286 0.41388888888888886 0.05 0.075
5 0.5014285714285714 0.4444444444444444 0.05142857142857143 0.1
7 0.5257142857142857 0.41388888888888886 0.09142857142857143 0.475