8 0.505 0.5125 0.18142857142857144 0.975
8 0.34714285714285714 0.5069444444444444 0.1742857142857143 0.9861111111111112
2 0.35714285714285715 0.09722222222222222 0.04857142857142857 0.10555555555555556
9 0.35285714285714287 0.4027777777777778 0.09142857142857143 0.36180555555555555
4 0.33 0.9722222222222222 0.019285714285714285 0.05555555555555555
4 0.37 0.9111111111111111 0.03964285714285714 0.09027777777777778
4 0.4957142857142857 0.9541666666666667 0.037142857142857144 0.09166666666666666
6 0.5 0.11944444444444445 0.05964285714285714 0.17083333333333334
3 0.35714285714285715 0.1361111111111111 0.06928571428571428 0.2048611111111111
5 0.4585714285714286 0.41388888888888886 0.05107142857142857 0.07777777777777778
5 0.5014285714285714 0.4444444444444444 0.054642857142857146 0.10625
7 0.5257142857142857 0.41388888888888886 0.10214285714285715 0.47847222222222224