8 0.48428571428571426 0.5055555555555555 0.17142857142857143 0.9888888888888889
8 0.34285714285714286 0.5125 0.13142857142857142 0.975
2 0.3557142857142857 0.09444444444444444 0.04607142857142857 0.09930555555555555
9 0.3514285714285714 0.4083333333333333 0.09107142857142857 0.37222222222222223
4 0.32785714285714285 0.9763888888888889 0.02142857142857143 0.04722222222222222
4 0.37 0.9166666666666666 0.040357142857142855 0.09444444444444444
4 0.47 0.9638888888888889 0.04285714285714286 0.07222222222222222
4 0.49857142857142855 0.9527777777777777 0.025357142857142856 0.09444444444444444
6 0.5 0.1111111111111111 0.08821428571428572 0.20625
3 0.35714285714285715 0.14166666666666666 0.06357142857142857 0.20555555555555555
7 0.49 0.39444444444444443 0.13964285714285715 0.44583333333333336
5 0.48857142857142855 0.36666666666666664 0.0375 0.08888888888888889
5 0.42714285714285716 0.5444444444444444 0.037142857142857144 0.10138888888888889