8 0.48428571428571426 0.5083333333333333 0.15428571428571428 0.9805555555555555
8 0.34285714285714286 0.5138888888888888 0.11428571428571428 0.9722222222222222
2 0.3557142857142857 0.09444444444444444 0.04428571428571428 0.09444444444444444
9 0.3514285714285714 0.4083333333333333 0.07 0.3638888888888889
4 0.32857142857142857 0.9777777777777777 0.02 0.044444444444444446
4 0.37 0.9166666666666666 0.03857142857142857 0.09166666666666666
4 0.47 0.9666666666666667 0.04 0.06666666666666667
4 0.49857142857142855 0.9527777777777777 0.022857142857142857 0.09166666666666666
6 0.49142857142857144 0.12222222222222222 0.06857142857142857 0.16944444444444445
3 0.35714285714285715 0.1527777777777778 0.047142857142857146 0.23333333333333334
5 0.49142857142857144 0.36666666666666664 0.03571428571428571 0.10833333333333334
5 0.4185714285714286 0.5333333333333333 0.03428571428571429 0.11666666666666667
7 0.49142857142857144 0.3861111111111111 0.1 0.4361111111111111