9 0.3514285714285714 0.4083333333333333 0.07 0.3638888888888889
0 0.32857142857142857 0.9777777777777777 0.02 0.044444444444444446
0 0.37 0.9166666666666666 0.03857142857142857 0.09166666666666666
0 0.47 0.9666666666666667 0.04 0.06666666666666667
0 0.49857142857142855 0.9527777777777777 0.022857142857142857 0.09166666666666666
8 0.48428571428571426 0.5083333333333333 0.15428571428571428 0.9805555555555555
8 0.34285714285714286 0.5138888888888888 0.11428571428571428 0.9722222222222222
5 0.4857142857142857 0.3611111111111111 0.03 0.08333333333333333
5 0.4185714285714286 0.5638888888888889 0.024285714285714285 0.08888888888888889
7 0.48857142857142855 0.37777777777777777 0.06142857142857143 0.35555555555555557
3 0.35428571428571426 0.1388888888888889 0.047142857142857146 0.18333333333333332
6 0.4857142857142857 0.10555555555555556 0.041428571428571426 0.14444444444444443