8 0.4835714285714286 0.5027777777777778 0.21285714285714286 0.9944444444444445
8 0.34214285714285714 0.5111111111111111 0.15571428571428572 0.9777777777777777
2 0.3557142857142857 0.09444444444444444 0.04857142857142857 0.10138888888888889
9 0.3514285714285714 0.4083333333333333 0.07928571428571428 0.36736111111111114
4 0.32785714285714285 0.9763888888888889 0.02142857142857143 0.04722222222222222
4 0.37 0.9166666666666666 0.040357142857142855 0.09444444444444444
4 0.4692857142857143 0.9652777777777778 0.041428571428571426 0.06944444444444445
4 0.49857142857142855 0.9527777777777777 0.025 0.09444444444444444
6 0.49142857142857144 0.12222222222222222 0.07464285714285715 0.17777777777777778
3 0.35714285714285715 0.1527777777777778 0.052142857142857144 0.23819444444444443
5 0.49142857142857144 0.36666666666666664 0.04071428571428572 0.11597222222222223
5 0.4185714285714286 0.5333333333333333 0.03642857142857143 0.11736111111111111
7 0.49142857142857144 0.3861111111111111 0.11464285714285714 0.44930555555555557