8 0.4835714285714286 0.5041666666666667 0.1957142857142857 0.9916666666666667
8 0.34285714285714286 0.5111111111111111 0.14 0.9777777777777777
2 0.3557142857142857 0.09444444444444444 0.048214285714285716 0.10069444444444445
9 0.3514285714285714 0.4083333333333333 0.08571428571428572 0.3715277777777778
4 0.32785714285714285 0.9763888888888889 0.02142857142857143 0.04722222222222222
4 0.37 0.9166666666666666 0.04285714285714286 0.09861111111111111
4 0.4692857142857143 0.9652777777777778 0.041428571428571426 0.06944444444444445
4 0.49857142857142855 0.9527777777777777 0.025357142857142856 0.09444444444444444
6 0.5 0.1111111111111111 0.08535714285714285 0.20069444444444445
3 0.35714285714285715 0.14166666666666666 0.06785714285714285 0.20694444444444443
7 0.49 0.39444444444444443 0.13964285714285715 0.44583333333333336
5 0.48857142857142855 0.36666666666666664 0.03464285714285714 0.08402777777777778
5 0.42714285714285716 0.5444444444444444 0.03785714285714286 0.10555555555555556