2 0.3557142857142857 0.30833333333333335 0.03214285714285714 0.0625
2 0.5442857142857143 0.2777777777777778 0.037142857142857144 0.07222222222222222
2 0.6014285714285714 0.32222222222222224 0.03214285714285714 0.06111111111111111
9 0.4514285714285714 0.5555555555555556 0.07928571428571428 0.29930555555555555
9 0.5514285714285714 0.4777777777777778 0.06035714285714286 0.2777777777777778
9 0.6057142857142858 0.5222222222222223 0.05964285714285714 0.25625
2 0.45285714285714285 0.3388888888888889 0.0375 0.08888888888888889
0 0.37142857142857144 0.8416666666666667 0.03428571428571429 0.03333333333333333
0 0.42857142857142855 0.9305555555555556 0.0175 0.02847222222222222
0 0.46 0.9305555555555556 0.017142857142857144 0.02847222222222222
0 0.5514285714285714 0.9222222222222223 0.040357142857142855 0.04583333333333333
0 0.5971428571428572 0.9111111111111111 0.037142857142857144 0.03263888888888889
0 0.30857142857142855 0.8138888888888889 0.027857142857142858 0.08472222222222223
8 0.3457142857142857 0.5666666666666667 0.10857142857142857 0.6333333333333333
8 0.44285714285714284 0.6194444444444445 0.12035714285714286 0.69375
8 0.55 0.6027777777777777 0.1225 0.7486111111111111
8 0.61 0.6138888888888889 0.12571428571428572 0.6659722222222222
3 0.3514285714285714 0.325 0.05071428571428571 0.15138888888888888
3 0.4542857142857143 0.3611111111111111 0.05071428571428571 0.16041666666666668
3 0.5457142857142857 0.30277777777777776 0.0575 0.15138888888888888
3 0.6028571428571429 0.3472222222222222 0.048214285714285716 0.1625