2 0.3557142857142857 0.30833333333333335 0.033928571428571426 0.06597222222222222
2 0.5442857142857143 0.2777777777777778 0.03428571428571429 0.06666666666666667
2 0.6014285714285714 0.32222222222222224 0.03214285714285714 0.06111111111111111
9 0.4514285714285714 0.5555555555555556 0.06357142857142857 0.28958333333333336
9 0.5514285714285714 0.4777777777777778 0.052142857142857144 0.27291666666666664
9 0.6057142857142858 0.5222222222222223 0.054285714285714284 0.2548611111111111
2 0.45285714285714285 0.3388888888888889 0.03428571428571429 0.08333333333333333
0 0.37142857142857144 0.8416666666666667 0.033928571428571426 0.02847222222222222
0 0.42857142857142855 0.9305555555555556 0.0175 0.02847222222222222
0 0.46 0.9305555555555556 0.017142857142857144 0.02847222222222222
0 0.5514285714285714 0.9222222222222223 0.040357142857142855 0.04513888888888889
0 0.5971428571428572 0.9111111111111111 0.037142857142857144 0.03333333333333333
0 0.30857142857142855 0.8138888888888889 0.02857142857142857 0.08819444444444445
8 0.3457142857142857 0.5666666666666667 0.11428571428571428 0.6340277777777777
8 0.44285714285714284 0.6194444444444445 0.09428571428571429 0.6833333333333333
8 0.55 0.6027777777777777 0.11214285714285714 0.7444444444444445
8 0.61 0.6138888888888889 0.12285714285714286 0.6659722222222222
3 0.3514285714285714 0.325 0.04857142857142857 0.15138888888888888
3 0.4542857142857143 0.3611111111111111 0.05392857142857143 0.16180555555555556
3 0.5457142857142857 0.30277777777777776 0.06035714285714286 0.15555555555555556
3 0.6028571428571429 0.3472222222222222 0.05142857142857143 0.16666666666666666