2 0.3557142857142857 0.30833333333333335 0.03 0.058333333333333334
2 0.5442857142857143 0.2777777777777778 0.03428571428571429 0.06666666666666667
2 0.6014285714285714 0.32222222222222224 0.03 0.05555555555555555
9 0.4514285714285714 0.5555555555555556 0.06142857142857143 0.28888888888888886
9 0.5514285714285714 0.4777777777777778 0.05 0.2722222222222222
9 0.6057142857142858 0.5222222222222223 0.054285714285714284 0.25277777777777777
2 0.45285714285714285 0.3388888888888889 0.03428571428571429 0.08333333333333333
0 0.37142857142857144 0.8416666666666667 0.032857142857142856 0.027777777777777776
0 0.42857142857142855 0.9305555555555556 0.018571428571428572 0.030555555555555555
0 0.46 0.9305555555555556 0.017142857142857144 0.030555555555555555
0 0.5514285714285714 0.9222222222222223 0.03857142857142857 0.03888888888888889
0 0.5971428571428572 0.9111111111111111 0.037142857142857144 0.030555555555555555
0 0.30857142857142855 0.8138888888888889 0.025714285714285714 0.08611111111111111
8 0.3457142857142857 0.5666666666666667 0.09857142857142857 0.6277777777777778
8 0.44285714285714284 0.6194444444444445 0.09428571428571429 0.6833333333333333
8 0.55 0.6027777777777777 0.09285714285714286 0.7361111111111112
8 0.61 0.6138888888888889 0.09 0.6555555555555556
3 0.3514285714285714 0.325 0.04428571428571428 0.14722222222222223
3 0.4542857142857143 0.3611111111111111 0.047142857142857146 0.15555555555555556
3 0.5457142857142857 0.30277777777777776 0.055714285714285716 0.15
3 0.6028571428571429 0.3472222222222222 0.047142857142857146 0.1638888888888889