3 0.2957142857142857 0.21666666666666667 0.03964285714285714 0.15416666666666667
3 0.5728571428571428 0.17222222222222222 0.033928571428571426 0.12708333333333333
3 0.6314285714285715 0.175 0.033928571428571426 0.1284722222222222
3 0.6685714285714286 0.46944444444444444 0.033928571428571426 0.1326388888888889
9 0.29285714285714287 0.4388888888888889 0.09142857142857143 0.3333333333333333
9 0.5657142857142857 0.36666666666666664 0.06892857142857142 0.2652777777777778
9 0.6342857142857142 0.3472222222222222 0.06892857142857142 0.25972222222222224
9 0.6814285714285714 0.6333333333333333 0.06607142857142857 0.22708333333333333
0 0.345 0.9763888888888889 0.041428571428571426 0.04722222222222222
0 0.63 0.8166666666666667 0.03214285714285714 0.049305555555555554
0 0.65 0.8666666666666667 0.03464285714285714 0.05
0 0.6957142857142857 0.8527777777777777 0.019285714285714285 0.06666666666666667
8 0.6671428571428571 0.6472222222222223 0.095 0.4930555555555556
8 0.6385714285714286 0.48055555555555557 0.10607142857142857 0.7333333333333333
8 0.5642857142857143 0.4777777777777778 0.10071428571428571 0.7284722222222222
0 0.58 0.8083333333333333 0.04285714285714286 0.07777777777777778
0 0.2864285714285714 0.9708333333333333 0.03 0.058333333333333334
8 0.305 0.5680555555555555 0.17285714285714285 0.8638888888888889
1 0.6514285714285715 0.6916666666666667 0.023214285714285715 0.05486111111111111
1 0.6528571428571428 0.7638888888888888 0.02857142857142857 0.05486111111111111
1 0.36 0.40555555555555556 0.02214285714285714 0.06666666666666667
1 0.26285714285714284 0.6388888888888888 0.022857142857142857 0.05