3 0.2957142857142857 0.21666666666666667 0.03428571428571429 0.15
3 0.5728571428571428 0.17222222222222222 0.027142857142857142 0.12222222222222222
3 0.6314285714285715 0.175 0.03 0.125
3 0.6685714285714286 0.46944444444444444 0.027142857142857142 0.13055555555555556
9 0.29285714285714287 0.4388888888888889 0.07857142857142857 0.325
9 0.5657142857142857 0.36666666666666664 0.05857142857142857 0.25833333333333336
9 0.6342857142857142 0.3472222222222222 0.06 0.25277777777777777
9 0.6814285714285714 0.6333333333333333 0.06285714285714286 0.225
0 0.3457142857142857 0.9777777777777777 0.04 0.041666666666666664
0 0.63 0.8166666666666667 0.03 0.041666666666666664
0 0.65 0.8666666666666667 0.03428571428571429 0.04722222222222222
0 0.6957142857142857 0.8527777777777777 0.017142857142857144 0.06666666666666667
8 0.6671428571428571 0.6472222222222223 0.09142857142857143 0.4888888888888889
8 0.6385714285714286 0.48055555555555557 0.07857142857142857 0.725
8 0.5642857142857143 0.4777777777777778 0.07571428571428572 0.725
0 0.58 0.8083333333333333 0.041428571428571426 0.075
0 0.28714285714285714 0.9722222222222222 0.02857142857142857 0.05277777777777778
8 0.3057142857142857 0.5722222222222222 0.12428571428571429 0.8527777777777777
1 0.6514285714285715 0.6916666666666667 0.02142857142857143 0.05277777777777778
1 0.6528571428571428 0.7638888888888888 0.027142857142857142 0.05
1 0.36 0.40555555555555556 0.02 0.06388888888888888
1 0.26285714285714284 0.6388888888888888 0.022857142857142857 0.05