8 0.6971428571428572 0.5888888888888889 0.11857142857142858 0.8111111111111111
2 0.5771428571428572 0.1638888888888889 0.06428571428571428 0.14166666666666666
4 0.6842857142857143 0.8972222222222223 0.03428571428571429 0.05
4 0.6642857142857143 0.9416666666666667 0.032857142857142856 0.07777777777777778
8 0.5728571428571428 0.5305555555555556 0.18428571428571427 0.9361111111111111
8 0.38857142857142857 0.5333333333333333 0.22714285714285715 0.9333333333333333
8 0.31142857142857144 0.3527777777777778 0.08714285714285715 0.44166666666666665
6 0.38 0.21666666666666667 0.09142857142857143 0.26944444444444443
6 0.3171428571428571 0.21666666666666667 0.047142857142857146 0.18888888888888888
6 0.7014285714285714 0.2722222222222222 0.045714285714285714 0.12777777777777777
3 0.5771428571428572 0.21388888888888888 0.07857142857142857 0.28055555555555556
7 0.69 0.44722222222222224 0.08142857142857143 0.3277777777777778
7 0.5957142857142858 0.5777777777777777 0.11714285714285715 0.5222222222222223
7 0.34714285714285714 0.49444444444444446 0.12428571428571429 0.44166666666666665
5 0.45285714285714285 0.6722222222222223 0.04857142857142857 0.11944444444444445
5 0.4714285714285714 0.5722222222222222 0.03428571428571429 0.125
1 0.5471428571428572 0.6583333333333333 0.05142857142857143 0.14166666666666666