9 0.6057142857142858 0.2972222222222222 0.1742857142857143 0.3659722222222222
9 0.3914285714285714 0.3111111111111111 0.13214285714285715 0.34305555555555556
8 0.38 0.5097222222222222 0.20285714285714285 0.9805555555555555
8 0.605 0.5 0.2557142857142857 1
3 0.40714285714285714 0.10277777777777777 0.04535714285714286 0.16180555555555556
3 0.5957142857142858 0.10277777777777777 0.04535714285714286 0.13333333333333333
0 0.40714285714285714 0.9472222222222222 0.054285714285714284 0.07152777777777777
0 0.3485714285714286 0.9555555555555556 0.04642857142857143 0.06736111111111111
0 0.6371428571428571 0.9583333333333334 0.025357142857142856 0.07847222222222222
0 0.59 0.9555555555555556 0.04285714285714286 0.08333333333333333
1 0.5114285714285715 0.09166666666666666 0.03678571428571428 0.09930555555555555
1 0.33714285714285713 0.5027777777777778 0.039285714285714285 0.09444444444444444
1 0.6985714285714286 0.34444444444444444 0.03678571428571428 0.09375
1 0.46 0.16111111111111112 0.026071428571428572 0.08263888888888889