9 0.6057142857142858 0.2972222222222222 0.18785714285714286 0.38819444444444445
9 0.3914285714285714 0.3111111111111111 0.13214285714285715 0.34305555555555556
8 0.38 0.5069444444444444 0.22 0.9861111111111112
8 0.605 0.5 0.2642857142857143 1
3 0.40714285714285714 0.10277777777777777 0.04928571428571429 0.16597222222222222
3 0.5957142857142858 0.10277777777777777 0.04285714285714286 0.1326388888888889
0 0.40714285714285714 0.9472222222222222 0.05714285714285714 0.08194444444444444
0 0.3485714285714286 0.9555555555555556 0.04857142857142857 0.07222222222222222
0 0.6371428571428571 0.9583333333333334 0.026071428571428572 0.08194444444444444
0 0.59 0.9555555555555556 0.04285714285714286 0.08333333333333333
1 0.5114285714285715 0.09166666666666666 0.035 0.09583333333333334
1 0.33714285714285713 0.5027777777777778 0.03964285714285714 0.09513888888888888
1 0.6985714285714286 0.34444444444444444 0.03964285714285714 0.09513888888888888
1 0.46 0.16111111111111112 0.025357142857142856 0.07916666666666666