2 0.26 0.3611111111111111 0.039285714285714285 0.1111111111111111
2 0.31 0.35833333333333334 0.03785714285714286 0.08333333333333333
2 0.3442857142857143 0.43333333333333335 0.031071428571428573 0.07708333333333334
2 0.4057142857142857 0.38055555555555554 0.025357142857142856 0.059722222222222225
2 0.48428571428571426 0.3972222222222222 0.02035714285714286 0.05138888888888889
2 0.5128571428571429 0.41388888888888886 0.019285714285714285 0.04513888888888889
2 0.5457142857142857 0.43333333333333335 0.02214285714285714 0.04513888888888889
2 0.5871428571428572 0.3972222222222222 0.020714285714285713 0.04375
2 0.6085714285714285 0.43333333333333335 0.026071428571428572 0.07222222222222222
2 0.6785714285714286 0.46944444444444444 0.03464285714285714 0.07361111111111111
0 0.3514285714285714 0.9777777777777777 0.029285714285714286 0.03263888888888889
0 0.39714285714285713 0.9388888888888889 0.014642857142857143 0.03888888888888889
0 0.4157142857142857 0.9333333333333333 0.0225 0.043055555555555555
0 0.46285714285714286 0.875 0.01107142857142857 0.03333333333333333
0 0.4928571428571429 0.8722222222222222 0.0175 0.034027777777777775
0 0.5214285714285715 0.8444444444444444 0.014642857142857143 0.034027777777777775
0 0.49857142857142855 0.8388888888888889 0.013928571428571429 0.022916666666666665
0 0.5342857142857143 0.8666666666666667 0.023214285714285715 0.03819444444444445
0 0.5542857142857143 0.8861111111111111 0.017142857142857144 0.049305555555555554
0 0.5714285714285714 0.8611111111111112 0.02035714285714286 0.034027777777777775
0 0.5885714285714285 0.9222222222222223 0.022857142857142857 0.027777777777777776
0 0.6042857142857143 0.9444444444444444 0.022857142857142857 0.03263888888888889
8 0.6835714285714286 0.7055555555555556 0.10142857142857142 0.5888888888888889
8 0.6042857142857143 0.6805555555555556 0.04285714285714286 0.5604166666666667
8 0.5842857142857143 0.6333333333333333 0.05392857142857143 0.5222222222222223
8 0.55 0.6638888888888889 0.054285714285714284 0.5173611111111112
8 0.5142857142857142 0.6083333333333333 0.040357142857142855 0.4625
8 0.4785714285714286 0.6361111111111111 0.05178571428571429 0.5506944444444445
8 0.4085714285714286 0.6583333333333333 0.09464285714285714 0.6326388888888889
8 0.3435714285714286 0.6902777777777778 0.05857142857142857 0.6194444444444445
8 0.30357142857142855 0.6569444444444444 0.07857142857142857 0.6861111111111111
8 0.26142857142857145 0.6472222222222223 0.04607142857142857 0.7006944444444444
3 0.40285714285714286 0.4027777777777778 0.048928571428571425 0.16180555555555556
3 0.3442857142857143 0.4583333333333333 0.04285714285714286 0.13333333333333333
3 0.30857142857142855 0.3888888888888889 0.045714285714285714 0.15625
3 0.25857142857142856 0.4111111111111111 0.04 0.23194444444444445
3 0.4828571428571429 0.4083333333333333 0.025714285714285714 0.15
3 0.5114285714285715 0.4361111111111111 0.04 0.13819444444444445
3 0.5471428571428572 0.44166666666666665 0.033928571428571426 0.12916666666666668
3 0.5742857142857143 0.41388888888888886 0.056428571428571425 0.1486111111111111
3 0.6171428571428571 0.44166666666666665 0.04642857142857143 0.12916666666666668
3 0.68 0.48333333333333334 0.05785714285714286 0.13472222222222222