2 0.5271428571428571 0.3472222222222222 0.0425 0.06736111111111111
9 0.5228571428571429 0.525 0.07428571428571429 0.22291666666666668
9 0.59 0.5 0.07071428571428572 0.25416666666666665
0 0.5128571428571429 0.8722222222222222 0.0375 0.12222222222222222
0 0.5328571428571428 0.8666666666666667 0.025 0.13958333333333334
0 0.5685714285714286 0.8611111111111112 0.0425 0.1125
0 0.6171428571428571 0.8777777777777778 0.040357142857142855 0.13472222222222222
2 0.5814285714285714 0.3194444444444444 0.0375 0.05138888888888889
8 0.6014285714285714 0.6305555555555555 0.12892857142857142 0.6944444444444444
8 0.5114285714285715 0.6222222222222222 0.10857142857142857 0.6652777777777777
3 0.52 0.35555555555555557 0.04535714285714286 0.12361111111111112
3 0.5828571428571429 0.34444444444444444 0.04857142857142857 0.12361111111111112
5 0.47 0.6305555555555555 0.03678571428571428 0.08472222222222223