2 0.5271428571428571 0.3472222222222222 0.04 0.06388888888888888
9 0.5228571428571429 0.525 0.06571428571428571 0.21388888888888888
9 0.59 0.5 0.06142857142857143 0.24722222222222223
0 0.5128571428571429 0.8722222222222222 0.03 0.11666666666666667
0 0.5328571428571428 0.8666666666666667 0.02 0.1388888888888889
0 0.5685714285714286 0.8611111111111112 0.041428571428571426 0.11388888888888889
0 0.6171428571428571 0.8777777777777778 0.03428571428571429 0.13055555555555556
2 0.5814285714285714 0.3194444444444444 0.037142857142857144 0.05
8 0.6014285714285714 0.6305555555555555 0.09714285714285714 0.6833333333333333
8 0.5114285714285715 0.6222222222222222 0.10285714285714286 0.6611111111111111
3 0.52 0.35555555555555557 0.04285714285714286 0.12222222222222222
3 0.5828571428571429 0.34444444444444444 0.045714285714285714 0.11944444444444445
5 0.47 0.6305555555555555 0.03428571428571429 0.08333333333333333