2 0.44 0.3388888888888889 0.03857142857142857 0.09166666666666666
2 0.5457142857142857 0.2388888888888889 0.03857142857142857 0.08333333333333333
9 0.4514285714285714 0.5222222222222223 0.07571428571428572 0.25277777777777777
9 0.5628571428571428 0.44722222222222224 0.08857142857142856 0.2972222222222222
0 0.4342857142857143 0.9583333333333334 0.04285714285714286 0.08055555555555556
0 0.4757142857142857 0.8916666666666667 0.025714285714285714 0.08333333333333333
0 0.5614285714285714 0.9194444444444444 0.032857142857142856 0.09444444444444444
0 0.5857142857142857 0.9027777777777778 0.022857142857142857 0.075
8 0.44285714285714284 0.6305555555555555 0.13428571428571429 0.7277777777777777
8 0.5714285714285714 0.5777777777777777 0.1357142857142857 0.7666666666666667
3 0.4514285714285714 0.36666666666666664 0.05714285714285714 0.18055555555555555
3 0.5542857142857143 0.2611111111111111 0.06571428571428571 0.1527777777777778