2 0.41714285714285715 0.44722222222222224 0.02 0.044444444444444446
2 0.4757142857142857 0.41944444444444445 0.015714285714285715 0.03333333333333333
2 0.5271428571428571 0.4305555555555556 0.015714285714285715 0.03888888888888889
2 0.5714285714285714 0.42777777777777776 0.017142857142857144 0.044444444444444446
2 0.6014285714285714 0.41944444444444445 0.027142857142857142 0.05277777777777778
0 0.41285714285714287 0.8083333333333333 0.01 0.03333333333333333
0 0.42857142857142855 0.7888888888888889 0.02 0.019444444444444445
0 0.48857142857142855 0.7555555555555555 0.01 0.019444444444444445
0 0.51 0.7583333333333333 0.012857142857142857 0.027777777777777776
0 0.5328571428571428 0.7944444444444444 0.015714285714285715 0.022222222222222223
0 0.55 0.8111111111111111 0.01 0.027777777777777776
0 0.5757142857142857 0.8166666666666667 0.02142857142857143 0.016666666666666666
0 0.5914285714285714 0.8388888888888889 0.011428571428571429 0.025
0 0.6085714285714285 0.9361111111111111 0.02857142857142857 0.03888888888888889
8 0.4157142857142857 0.6277777777777778 0.08142857142857143 0.43333333333333335
8 0.4857142857142857 0.5888888888888889 0.06428571428571428 0.3888888888888889
8 0.5357142857142857 0.6138888888888889 0.05 0.4305555555555556
8 0.6157142857142858 0.6722222222222223 0.06428571428571428 0.5944444444444444
8 0.5771428571428572 0.6277777777777778 0.05 0.45
3 0.41714285714285715 0.46111111111111114 0.03571428571428571 0.09444444444444444
3 0.48 0.42777777777777776 0.03571428571428571 0.08888888888888889
3 0.5342857142857143 0.44166666666666665 0.02 0.10555555555555556
3 0.5742857142857143 0.43333333333333335 0.03857142857142857 0.1111111111111111
5 0.39714285714285713 0.6138888888888889 0.017142857142857144 0.08055555555555556
5 0.4342857142857143 0.6027777777777777 0.027142857142857142 0.08055555555555556
5 0.4857142857142857 0.5638888888888889 0.03 0.075