9 0.3485714285714286 0.425 0.07714285714285714 0.2777777777777778
9 0.40714285714285714 0.425 0.07178571428571429 0.30625
9 0.48714285714285716 0.35555555555555557 0.0825 0.2833333333333333
2 0.3585714285714286 0.21388888888888888 0.04607142857142857 0.10555555555555556
2 0.42142857142857143 0.20833333333333334 0.040357142857142855 0.08194444444444444
2 0.46714285714285714 0.15833333333333333 0.03464285714285714 0.09305555555555556
2 0.5042857142857143 0.16666666666666666 0.03964285714285714 0.07291666666666667
0 0.35285714285714287 0.8861111111111111 0.0375 0.08402777777777778
0 0.38 0.8833333333333333 0.040357142857142855 0.07847222222222222
0 0.42142857142857143 0.8611111111111112 0.04321428571428571 0.05694444444444444
0 0.4857142857142857 0.8916666666666667 0.05178571428571429 0.05625
8 0.3514285714285714 0.5444444444444444 0.1225 0.8104166666666667
8 0.40714285714285714 0.5222222222222223 0.105 0.7451388888888889
8 0.5057142857142857 0.5166666666666667 0.16607142857142856 0.8604166666666667
3 0.35714285714285715 0.25 0.06821428571428571 0.17222222222222222
3 0.41714285714285715 0.23055555555555557 0.05785714285714286 0.1597222222222222
3 0.4857142857142857 0.18611111111111112 0.08857142857142856 0.1625