9 0.6057142857142858 0.2972222222222222 0.17142857142857143 0.35833333333333334
9 0.3914285714285714 0.3111111111111111 0.12571428571428572 0.33055555555555555
8 0.38 0.5111111111111111 0.19428571428571428 0.9777777777777777
8 0.6057142857142858 0.5055555555555555 0.2257142857142857 0.9888888888888889
3 0.40714285714285714 0.10277777777777777 0.041428571428571426 0.15833333333333333
3 0.5957142857142858 0.10277777777777777 0.03857142857142857 0.12777777777777777
0 0.40714285714285714 0.9472222222222222 0.054285714285714284 0.06944444444444445
0 0.3485714285714286 0.9555555555555556 0.047142857142857146 0.06388888888888888
0 0.6371428571428571 0.9583333333333334 0.024285714285714285 0.07777777777777778
0 0.59 0.9555555555555556 0.04 0.07777777777777778
1 0.5114285714285715 0.09166666666666666 0.032857142857142856 0.09444444444444444
1 0.33714285714285713 0.5027777777777778 0.037142857142857144 0.09166666666666666
1 0.6985714285714286 0.34444444444444444 0.03428571428571429 0.09166666666666666
1 0.46 0.16111111111111112 0.022857142857142857 0.08055555555555556