9 0.3514285714285714 0.24722222222222223 0.033928571428571426 0.04513888888888889
9 0.4057142857142857 0.31666666666666665 0.03678571428571428 0.07916666666666666
9 0.5042857142857143 0.3111111111111111 0.02857142857142857 0.05
9 0.6571428571428571 0.5388888888888889 0.03464285714285714 0.08819444444444445
2 0.6628571428571428 0.46944444444444444 0.016428571428571428 0.029166666666666667
2 0.40285714285714286 0.25555555555555554 0.0175 0.034027777777777775
0 0.6342857142857142 0.7027777777777777 0.017142857142857144 0.034027777777777775
0 0.41714285714285715 0.425 0.012142857142857143 0.05138888888888889
0 0.3985714285714286 0.4083333333333333 0.017142857142857144 0.050694444444444445
0 0.37 0.3972222222222222 0.013928571428571429 0.06180555555555556
0 0.3485714285714286 0.35 0.013928571428571429 0.05
0 0.52 0.40555555555555556 0.011785714285714287 0.034027777777777775
0 0.51 0.4027777777777778 0.011785714285714287 0.034027777777777775
8 0.6485714285714286 0.6027777777777777 0.0775 0.35
8 0.5014285714285714 0.3388888888888889 0.06821428571428571 0.2048611111111111
8 0.35285714285714287 0.33055555555555555 0.055 0.25069444444444444
8 0.4057142857142857 0.3388888888888889 0.04607142857142857 0.23333333333333334
3 0.6585714285714286 0.48333333333333334 0.028214285714285713 0.06527777777777778
3 0.4057142857142857 0.2611111111111111 0.026071428571428572 0.06736111111111111