2 0.26571428571428574 0.25555555555555554 0.05071428571428571 0.11180555555555556
2 0.39571428571428574 0.26944444444444443 0.05178571428571429 0.08958333333333333
2 0.5028571428571429 0.2777777777777778 0.05142857142857143 0.08888888888888889
2 0.6042857142857143 0.25 0.054642857142857146 0.10625
2 0.7057142857142857 0.13333333333333333 0.06857142857142857 0.13472222222222222
9 0.2842857142857143 0.4583333333333333 0.08857142857142856 0.3229166666666667
9 0.40285714285714286 0.4583333333333333 0.08607142857142858 0.31805555555555554
9 0.5085714285714286 0.4638888888888889 0.09142857142857143 0.2833333333333333
9 0.6071428571428571 0.4527777777777778 0.08892857142857143 0.30625
0 0.2542857142857143 0.8277777777777777 0.027857142857142858 0.12083333333333333
0 0.29 0.8361111111111111 0.04357142857142857 0.12152777777777778
0 0.38285714285714284 0.7833333333333333 0.05714285714285714 0.1111111111111111
0 0.41285714285714287 0.8111111111111111 0.05928571428571429 0.12222222222222222
0 0.5 0.7638888888888888 0.05178571428571429 0.09513888888888888
0 0.5228571428571429 0.8083333333333333 0.05107142857142857 0.10416666666666667
0 0.5857142857142857 0.8 0.04857142857142857 0.07847222222222222
0 0.6085714285714285 0.8388888888888889 0.05392857142857143 0.09444444444444444
0 0.6914285714285714 0.8361111111111111 0.0625 0.1
0 0.7171428571428572 0.8694444444444445 0.07678571428571429 0.11597222222222223
8 0.7057142857142857 0.5194444444444445 0.1175 0.8993055555555556
8 0.6057142857142858 0.5527777777777778 0.115 0.7069444444444445
8 0.51 0.5388888888888889 0.11392857142857143 0.6340277777777777
8 0.39285714285714285 0.5388888888888889 0.11214285714285714 0.65
8 0.2814285714285714 0.5444444444444444 0.10321428571428572 0.6951388888888889
3 0.26857142857142857 0.29444444444444445 0.04321428571428571 0.14305555555555555
3 0.39714285714285713 0.3 0.04642857142857143 0.1326388888888889
3 0.5014285714285714 0.30277777777777776 0.047857142857142855 0.12291666666666666
3 0.6071428571428571 0.28055555555555556 0.03785714285714286 0.13333333333333333
3 0.7057142857142857 0.16944444444444445 0.0575 0.17847222222222223