2 0.34 0.21666666666666667 0.06142857142857143 0.1
2 0.6385714285714286 0.1 0.07285714285714286 0.15833333333333333
0 0.4114285714285714 0.9388888888888889 0.07857142857142857 0.12222222222222222
8 0.6485714285714286 0.5055555555555555 0.21571428571428572 0.9861111111111112
8 0.36857142857142855 0.5611111111111111 0.19 0.875
3 0.3414285714285714 0.24444444444444444 0.06571428571428571 0.1638888888888889
3 0.6442857142857142 0.11944444444444445 0.09 0.20555555555555555
1 0.35428571428571426 0.6361111111111111 0.05285714285714286 0.16944444444444445
1 0.40285714285714286 0.5222222222222223 0.06428571428571428 0.14166666666666666
1 0.5685714285714286 0.40555555555555556 0.02857142857142857 0.10555555555555556
1 0.6714285714285714 0.44722222222222224 0.03571428571428571 0.09444444444444444
7 0.32857142857142857 0.46944444444444444 0.09285714285714286 0.33055555555555555
7 0.68 0.3388888888888889 0.11 0.37777777777777777