2 0.37 0.6722222222222223 0.05357142857142857 0.13194444444444445
2 0.4328571428571429 0.5861111111111111 0.014642857142857143 0.03958333333333333
2 0.5357142857142857 0.6166666666666667 0.009285714285714286 0.03263888888888889
2 0.6857142857142857 0.4 0.05071428571428571 0.10555555555555556
2 0.5114285714285715 0.5861111111111111 0.011785714285714287 0.027083333333333334
9 0.35928571428571426 0.8833333333333333 0.08428571428571428 0.23333333333333334
9 0.7042857142857143 0.6722222222222223 0.1025 0.41597222222222224
9 0.5 0.65 0.025714285714285714 0.10138888888888889
9 0.5514285714285714 0.6777777777777778 0.03464285714285714 0.10972222222222222
8 0.6785714285714286 0.6277777777777778 0.18285714285714286 0.5951388888888889
8 0.3607142857142857 0.7944444444444444 0.11 0.4111111111111111
8 0.42428571428571427 0.6805555555555556 0.06892857142857142 0.25972222222222224
8 0.5042857142857143 0.6583333333333333 0.03642857142857143 0.17708333333333334
8 0.55 0.7083333333333334 0.06035714285714286 0.25
3 0.6914285714285714 0.43333333333333335 0.07142857142857142 0.1875
3 0.5371428571428571 0.6138888888888889 0.033928571428571426 0.08402777777777778
3 0.37 0.6944444444444444 0.07107142857142858 0.22847222222222222