2 0.4085714285714286 0.06944444444444445 0.037142857142857144 0.09444444444444444
9 0.6057142857142858 0.2972222222222222 0.17142857142857143 0.35833333333333334
9 0.3914285714285714 0.3111111111111111 0.12571428571428572 0.33055555555555555
2 0.5942857142857143 0.06944444444444445 0.04 0.06388888888888888
0 0.40714285714285714 0.9472222222222222 0.054285714285714284 0.06944444444444445
0 0.3485714285714286 0.9555555555555556 0.047142857142857146 0.06388888888888888
0 0.6371428571428571 0.9583333333333334 0.024285714285714285 0.07777777777777778
0 0.59 0.9555555555555556 0.04 0.07777777777777778
8 0.38 0.5111111111111111 0.19428571428571428 0.9777777777777777
8 0.6057142857142858 0.5055555555555555 0.2257142857142857 0.9888888888888889
3 0.4057142857142857 0.1 0.045714285714285714 0.1527777777777778