2 0.44 0.3388888888888889 0.045 0.09930555555555555
2 0.5457142857142857 0.2388888888888889 0.04071428571428572 0.08819444444444445
9 0.4514285714285714 0.5222222222222223 0.08571428571428572 0.2652777777777778
9 0.5628571428571428 0.44722222222222224 0.09178571428571429 0.3
0 0.43357142857142855 0.9569444444444445 0.04428571428571428 0.08611111111111111
0 0.4757142857142857 0.8916666666666667 0.026071428571428572 0.08333333333333333
0 0.5614285714285714 0.9194444444444444 0.03428571428571429 0.09583333333333334
0 0.5857142857142857 0.9027777777777778 0.025357142857142856 0.07361111111111111
8 0.44285714285714284 0.6305555555555555 0.15357142857142858 0.7388888888888889
8 0.5714285714285714 0.5777777777777777 0.16285714285714287 0.7791666666666667
3 0.4514285714285714 0.36666666666666664 0.0625 0.1840277777777778
3 0.5542857142857143 0.2611111111111111 0.07357142857142857 0.16597222222222222