9 0.3871428571428571 0.4722222222222222 0.13142857142857142 0.26180555555555557
8 0.5428571428571428 0.5833333333333334 0.17785714285714285 0.7444444444444445
9 0.5385714285714286 0.46111111111111114 0.13142857142857142 0.25555555555555554
0 0.32857142857142857 0.9222222222222223 0.056428571428571425 0.06527777777777778
0 0.4142857142857143 0.9194444444444444 0.06535714285714286 0.07222222222222222
8 0.38142857142857145 0.575 0.20785714285714285 0.7847222222222222
0 0.5114285714285715 0.9111111111111111 0.06035714285714286 0.08819444444444445
3 0.38857142857142857 0.29444444444444445 0.06607142857142857 0.12291666666666666
0 0.5885714285714285 0.9166666666666666 0.05142857142857143 0.06527777777777778
3 0.5314285714285715 0.28888888888888886 0.06321428571428571 0.12291666666666666
5 0.6142857142857143 0.6166666666666667 0.02857142857142857 0.05555555555555555
5 0.4514285714285714 0.6333333333333333 0.027857142857142858 0.06805555555555555
5 0.4757142857142857 0.6222222222222222 0.020714285714285713 0.06597222222222222