2 0.44 0.3388888888888889 0.04285714285714286 0.09513888888888888
2 0.5457142857142857 0.2388888888888889 0.0425 0.08888888888888889
9 0.4514285714285714 0.5222222222222223 0.0825 0.2611111111111111
9 0.5628571428571428 0.44722222222222224 0.09464285714285714 0.30416666666666664
0 0.43357142857142855 0.9569444444444445 0.047142857142857146 0.08611111111111111
0 0.4757142857142857 0.8916666666666667 0.025714285714285714 0.08333333333333333
0 0.5614285714285714 0.9194444444444444 0.03642857142857143 0.09930555555555555
0 0.5857142857142857 0.9027777777777778 0.023571428571428573 0.07361111111111111
8 0.44285714285714284 0.6305555555555555 0.14785714285714285 0.7340277777777777
8 0.5714285714285714 0.5777777777777777 0.13964285714285715 0.7673611111111112
3 0.4514285714285714 0.36666666666666664 0.06035714285714286 0.18333333333333332
3 0.5542857142857143 0.2611111111111111 0.07357142857142857 0.16597222222222222