2 0.4085714285714286 0.06944444444444445 0.037142857142857144 0.09444444444444444
9 0.6057142857142858 0.2972222222222222 0.18857142857142858 0.38958333333333334
9 0.3914285714285714 0.3111111111111111 0.14285714285714285 0.3548611111111111
2 0.5942857142857143 0.06944444444444445 0.04071428571428572 0.06666666666666667
0 0.40714285714285714 0.9472222222222222 0.055 0.07361111111111111
0 0.3485714285714286 0.9555555555555556 0.048928571428571425 0.07291666666666667
0 0.6371428571428571 0.9583333333333334 0.027857142857142858 0.08194444444444444
0 0.59 0.9555555555555556 0.04321428571428571 0.08402777777777778
8 0.3792857142857143 0.5083333333333333 0.20714285714285716 0.9833333333333333
8 0.6057142857142858 0.5 0.28 1
3 0.4057142857142857 0.1 0.04642857142857143 0.15555555555555556