2 0.26 0.3611111111111111 0.032857142857142856 0.10555555555555556
2 0.31 0.35833333333333334 0.03857142857142857 0.08055555555555556
2 0.3442857142857143 0.43333333333333335 0.03 0.075
2 0.4057142857142857 0.38055555555555554 0.022857142857142857 0.05555555555555555
2 0.48428571428571426 0.3972222222222222 0.02 0.05277777777777778
2 0.5128571428571429 0.41388888888888886 0.017142857142857144 0.044444444444444446
2 0.5457142857142857 0.43333333333333335 0.02 0.041666666666666664
2 0.5871428571428572 0.3972222222222222 0.02 0.041666666666666664
2 0.6085714285714285 0.43333333333333335 0.022857142857142857 0.06944444444444445
2 0.6785714285714286 0.46944444444444444 0.03428571428571429 0.075
0 0.3514285714285714 0.9777777777777777 0.03 0.027777777777777776
0 0.39714285714285713 0.9388888888888889 0.014285714285714285 0.03888888888888889
0 0.4157142857142857 0.9333333333333333 0.02142857142857143 0.03888888888888889
0 0.46285714285714286 0.875 0.01 0.03333333333333333
0 0.4928571428571429 0.8722222222222222 0.017142857142857144 0.03333333333333333
0 0.5214285714285715 0.8444444444444444 0.012857142857142857 0.030555555555555555
0 0.49857142857142855 0.8388888888888889 0.012857142857142857 0.025
0 0.5342857142857143 0.8666666666666667 0.02142857142857143 0.03333333333333333
0 0.5542857142857143 0.8861111111111111 0.015714285714285715 0.04722222222222222
0 0.5714285714285714 0.8611111111111112 0.02 0.030555555555555555
0 0.5885714285714285 0.9222222222222223 0.02142857142857143 0.025
0 0.6042857142857143 0.9444444444444444 0.022857142857142857 0.030555555555555555
8 0.6842857142857143 0.7083333333333334 0.07571428571428572 0.5833333333333334
8 0.6042857142857143 0.6805555555555556 0.04285714285714286 0.5583333333333333
8 0.5842857142857143 0.6333333333333333 0.03857142857142857 0.5194444444444445
8 0.55 0.6638888888888889 0.045714285714285714 0.5166666666666667
8 0.5142857142857142 0.6083333333333333 0.03571428571428571 0.4638888888888889
8 0.4785714285714286 0.6361111111111111 0.047142857142857146 0.55
8 0.4085714285714286 0.6583333333333333 0.06714285714285714 0.625
8 0.3442857142857143 0.6916666666666667 0.04285714285714286 0.6166666666666667
8 0.30428571428571427 0.6583333333333333 0.06142857142857143 0.6833333333333333
8 0.26142857142857145 0.6472222222222223 0.037142857142857144 0.7
3 0.40285714285714286 0.4027777777777778 0.04857142857142857 0.1638888888888889
3 0.3442857142857143 0.4583333333333333 0.04285714285714286 0.13333333333333333
3 0.30857142857142855 0.3888888888888889 0.045714285714285714 0.15833333333333333
3 0.25857142857142856 0.4111111111111111 0.03 0.22777777777777777
3 0.4828571428571429 0.4083333333333333 0.025714285714285714 0.15
3 0.5114285714285715 0.4361111111111111 0.03571428571428571 0.13333333333333333
3 0.5471428571428572 0.44166666666666665 0.032857142857142856 0.13055555555555556
3 0.5742857142857143 0.41388888888888886 0.04857142857142857 0.1388888888888889
3 0.6171428571428571 0.44166666666666665 0.045714285714285714 0.13055555555555556
3 0.68 0.48333333333333334 0.05857142857142857 0.1361111111111111