9 0.3514285714285714 0.24722222222222223 0.032857142857142856 0.044444444444444446
9 0.4057142857142857 0.31666666666666665 0.032857142857142856 0.075
9 0.5042857142857143 0.3111111111111111 0.02857142857142857 0.05
9 0.6571428571428571 0.5388888888888889 0.03142857142857143 0.08333333333333333
2 0.6628571428571428 0.46944444444444444 0.014285714285714285 0.027777777777777776
2 0.40285714285714286 0.25555555555555554 0.017142857142857144 0.03333333333333333
0 0.6342857142857142 0.7027777777777777 0.015714285714285715 0.03333333333333333
0 0.41714285714285715 0.425 0.01 0.05277777777777778
0 0.3985714285714286 0.4083333333333333 0.015714285714285715 0.05
0 0.37 0.3972222222222222 0.012857142857142857 0.06388888888888888
0 0.3485714285714286 0.35 0.012857142857142857 0.05
0 0.52 0.40555555555555556 0.011428571428571429 0.03611111111111111
0 0.51 0.4027777777777778 0.011428571428571429 0.03333333333333333
8 0.6485714285714286 0.6027777777777777 0.07571428571428572 0.3472222222222222
8 0.5014285714285714 0.3388888888888889 0.06428571428571428 0.2
8 0.35285714285714287 0.33055555555555555 0.05142857142857143 0.24722222222222223
8 0.4057142857142857 0.3388888888888889 0.047142857142857146 0.23333333333333334
3 0.6585714285714286 0.48333333333333334 0.027142857142857142 0.06111111111111111
3 0.4057142857142857 0.2611111111111111 0.024285714285714285 0.06388888888888888