2 0.5271428571428571 0.3472222222222222 0.04285714285714286 0.07083333333333333
9 0.5228571428571429 0.525 0.07178571428571429 0.2222222222222222
9 0.59 0.5 0.06321428571428571 0.24930555555555556
0 0.5128571428571429 0.8722222222222222 0.03642857142857143 0.12152777777777778
0 0.5328571428571428 0.8666666666666667 0.023214285714285715 0.13958333333333334
0 0.5685714285714286 0.8611111111111112 0.04607142857142857 0.12083333333333333
0 0.6171428571428571 0.8777777777777778 0.04071428571428572 0.13819444444444445
2 0.5814285714285714 0.3194444444444444 0.0375 0.050694444444444445
8 0.6014285714285714 0.6305555555555555 0.12607142857142858 0.6944444444444444
8 0.5114285714285715 0.6222222222222222 0.10857142857142857 0.6652777777777777
3 0.52 0.35555555555555557 0.04607142857142857 0.12708333333333333
3 0.5828571428571429 0.34444444444444444 0.048214285714285716 0.12291666666666666
5 0.47 0.6305555555555555 0.03428571428571429 0.08333333333333333