2 0.41714285714285715 0.44722222222222224 0.02214285714285714 0.04513888888888889
2 0.4757142857142857 0.41944444444444445 0.015 0.034027777777777775
2 0.5271428571428571 0.4305555555555556 0.016785714285714286 0.03958333333333333
2 0.5714285714285714 0.42777777777777776 0.017142857142857144 0.044444444444444446
2 0.6014285714285714 0.41944444444444445 0.026071428571428572 0.050694444444444445
0 0.41285714285714287 0.8083333333333333 0.009285714285714286 0.03333333333333333
0 0.42857142857142855 0.7888888888888889 0.02035714285714286 0.022916666666666665
0 0.48857142857142855 0.7555555555555555 0.01107142857142857 0.021527777777777778
0 0.51 0.7583333333333333 0.013928571428571429 0.027777777777777776
0 0.5328571428571428 0.7944444444444444 0.014642857142857143 0.022916666666666665
0 0.55 0.8111111111111111 0.01107142857142857 0.02847222222222222
0 0.5757142857142857 0.8166666666666667 0.02035714285714286 0.020833333333333332
0 0.5914285714285714 0.8388888888888889 0.011428571428571429 0.022916666666666665
0 0.6085714285714285 0.9361111111111111 0.029285714285714286 0.04375
8 0.4157142857142857 0.6277777777777778 0.10035714285714285 0.44375
8 0.4857142857142857 0.5888888888888889 0.07714285714285714 0.39444444444444443
8 0.5357142857142857 0.6138888888888889 0.048928571428571425 0.4284722222222222
8 0.6157142857142858 0.6722222222222223 0.06642857142857143 0.5944444444444444
8 0.5771428571428572 0.6277777777777778 0.05678571428571429 0.45069444444444445
3 0.41714285714285715 0.46111111111111114 0.03678571428571428 0.09513888888888888
3 0.48 0.42777777777777776 0.039285714285714285 0.09375
3 0.5342857142857143 0.44166666666666665 0.0225 0.10625
3 0.5742857142857143 0.43333333333333335 0.045 0.11666666666666667
5 0.39714285714285713 0.6138888888888889 0.019642857142857142 0.08333333333333333
5 0.4342857142857143 0.6027777777777777 0.02892857142857143 0.08333333333333333
5 0.4857142857142857 0.5638888888888889 0.031785714285714285 0.07777777777777778