2 0.26571428571428574 0.25555555555555554 0.045714285714285714 0.10625
2 0.39571428571428574 0.26944444444444443 0.05142857142857143 0.08888888888888889
2 0.5028571428571429 0.2777777777777778 0.05178571428571429 0.08958333333333333
2 0.6042857142857143 0.25 0.05142857142857143 0.1
2 0.7057142857142857 0.13333333333333333 0.06571428571428571 0.13194444444444445
9 0.2842857142857143 0.4583333333333333 0.1 0.3326388888888889
9 0.40285714285714286 0.4583333333333333 0.08892857142857143 0.32222222222222224
9 0.5085714285714286 0.4638888888888889 0.1 0.29305555555555557
9 0.6071428571428571 0.4527777777777778 0.08892857142857143 0.30625
0 0.2542857142857143 0.8277777777777777 0.027857142857142858 0.12083333333333333
0 0.29 0.8361111111111111 0.04214285714285714 0.11666666666666667
0 0.38285714285714284 0.7833333333333333 0.054642857142857146 0.10625
0 0.41285714285714287 0.8111111111111111 0.0575 0.12152777777777778
0 0.5 0.7638888888888888 0.05392857142857143 0.09930555555555555
0 0.5228571428571429 0.8083333333333333 0.05142857142857143 0.10416666666666667
0 0.5857142857142857 0.8 0.04642857142857143 0.07708333333333334
0 0.6085714285714285 0.8388888888888889 0.056428571428571425 0.09930555555555555
0 0.6914285714285714 0.8361111111111111 0.06607142857142857 0.1111111111111111
0 0.7171428571428572 0.8694444444444445 0.08035714285714286 0.12777777777777777
8 0.7057142857142857 0.5194444444444445 0.155 0.9041666666666667
8 0.6057142857142858 0.5527777777777778 0.13107142857142856 0.7104166666666667
8 0.51 0.5388888888888889 0.13178571428571428 0.6395833333333333
8 0.39285714285714285 0.5388888888888889 0.11642857142857142 0.6506944444444445
8 0.2814285714285714 0.5444444444444444 0.10892857142857143 0.6951388888888889
3 0.26857142857142857 0.29444444444444445 0.0425 0.13958333333333334
3 0.39714285714285713 0.3 0.048214285714285716 0.13333333333333333
3 0.5014285714285714 0.30277777777777776 0.04857142857142857 0.12708333333333333
3 0.6071428571428571 0.28055555555555556 0.04357142857142857 0.1388888888888889
3 0.7057142857142857 0.16944444444444445 0.056428571428571425 0.17708333333333334