2 0.37 0.6722222222222223 0.05142857142857143 0.1284722222222222
2 0.4328571428571429 0.5861111111111111 0.015 0.03958333333333333
2 0.5357142857142857 0.6166666666666667 0.01107142857142857 0.03263888888888889
2 0.6857142857142857 0.4 0.048214285714285716 0.10138888888888889
2 0.5114285714285715 0.5861111111111111 0.011785714285714287 0.027083333333333334
9 0.35928571428571426 0.8833333333333333 0.08428571428571428 0.23333333333333334
9 0.7042857142857143 0.6722222222222223 0.105 0.41597222222222224
9 0.5 0.65 0.025714285714285714 0.10138888888888889
9 0.5514285714285714 0.6777777777777778 0.031785714285714285 0.10625
8 0.6785714285714286 0.6277777777777778 0.18035714285714285 0.59375
8 0.3607142857142857 0.7958333333333333 0.10714285714285714 0.4083333333333333
8 0.42428571428571427 0.6805555555555556 0.07392857142857143 0.26180555555555557
8 0.5042857142857143 0.6583333333333333 0.033928571428571426 0.1736111111111111
8 0.55 0.7083333333333334 0.0575 0.24930555555555556
3 0.6914285714285714 0.43333333333333335 0.07678571428571429 0.19375
3 0.5371428571428571 0.6138888888888889 0.03142857142857143 0.08263888888888889
3 0.37 0.6944444444444444 0.06535714285714286 0.22291666666666668