2 0.32 0.11944444444444445 0.04285714285714286 0.08263888888888889
2 0.37714285714285717 0.18888888888888888 0.023214285714285715 0.050694444444444445
2 0.44857142857142857 0.1638888888888889 0.023214285714285715 0.049305555555555554
2 0.48142857142857143 0.17777777777777778 0.02892857142857143 0.07222222222222222
2 0.6928571428571428 0.19444444444444445 0.022857142857142857 0.04513888888888889
2 0.7214285714285714 0.08333333333333333 0.04535714285714286 0.08263888888888889
9 0.3357142857142857 0.325 0.13964285714285715 0.3159722222222222
9 0.38 0.36944444444444446 0.03428571428571429 0.11736111111111111
9 0.4442857142857143 0.30277777777777776 0.03964285714285714 0.15138888888888888
9 0.4857142857142857 0.30833333333333335 0.054642857142857146 0.1951388888888889
9 0.5885714285714285 0.2916666666666667 0.05178571428571429 0.18888888888888888
9 0.7085714285714285 0.3388888888888889 0.0775 0.3326388888888889
0 0.6985714285714286 0.7666666666666667 0.04214285714285714 0.050694444444444445
0 0.5628571428571428 0.6472222222222223 0.028214285714285713 0.027083333333333334
0 0.5971428571428572 0.6444444444444445 0.016785714285714286 0.02361111111111111
0 0.48142857142857143 0.6444444444444445 0.023214285714285715 0.034027777777777775
2 0.5885714285714285 0.13055555555555556 0.04071428571428572 0.05486111111111111
8 0.7085714285714285 0.41944444444444445 0.10607142857142857 0.7951388888888888
8 0.6914285714285714 0.2972222222222222 0.0425 0.2951388888888889
8 0.5828571428571429 0.3861111111111111 0.13107142857142856 0.60625
8 0.48428571428571426 0.40555555555555556 0.08821428571428572 0.5611111111111111
8 0.44 0.3861111111111111 0.08607142857142858 0.5229166666666667
8 0.38 0.43333333333333335 0.0825 0.5715277777777777
8 0.30857142857142855 0.4361111111111111 0.1025 0.7611111111111111
3 0.3157142857142857 0.14444444444444443 0.05357142857142857 0.17152777777777778
3 0.37714285714285717 0.2111111111111111 0.045714285714285714 0.1388888888888889
3 0.4471428571428571 0.18333333333333332 0.02857142857142857 0.08888888888888889
3 0.48142857142857143 0.19166666666666668 0.031785714285714285 0.12777777777777777
3 0.59 0.15 0.04285714285714286 0.14444444444444443
3 0.7228571428571429 0.11666666666666667 0.05107142857142857 0.16805555555555557
3 0.6914285714285714 0.2222222222222222 0.0425 0.1284722222222222
5 0.29428571428571426 0.49722222222222223 0.03464285714285714 0.08472222222222223
1 0.5142857142857142 0.4111111111111111 0.02035714285714286 0.06180555555555556
1 0.4228571428571429 0.4305555555555556 0.019642857142857142 0.06597222222222222
1 0.45571428571428574 0.4 0.015 0.07291666666666667
1 0.7014285714285714 0.4361111111111111 0.02 0.05
1 0.5585714285714286 0.4083333333333333 0.023214285714285715 0.07291666666666667
1 0.6057142857142858 0.42777777777777776 0.0225 0.06180555555555556
5 0.4114285714285714 0.3111111111111111 0.029285714285714286 0.09027777777777778
1 0.36 0.4583333333333333 0.031071428571428573 0.09513888888888888
1 0.39571428571428574 0.4444444444444444 0.02035714285714286 0.07291666666666667