9 0.3514285714285714 0.24722222222222223 0.03464285714285714 0.05
9 0.4057142857142857 0.31666666666666665 0.03678571428571428 0.07916666666666666
9 0.5042857142857143 0.3111111111111111 0.030714285714285715 0.05416666666666667
9 0.6571428571428571 0.5388888888888889 0.03357142857142857 0.08402777777777778
2 0.6628571428571428 0.46944444444444444 0.014642857142857143 0.02847222222222222
2 0.40285714285714286 0.25555555555555554 0.017857142857142856 0.034722222222222224
0 0.6342857142857142 0.7027777777777777 0.0175 0.0375
0 0.41714285714285715 0.425 0.011428571428571429 0.050694444444444445
0 0.3985714285714286 0.4083333333333333 0.016785714285714286 0.050694444444444445
0 0.37 0.3972222222222222 0.013928571428571429 0.06180555555555556
0 0.3485714285714286 0.35 0.011785714285714287 0.05
0 0.52 0.40555555555555556 0.011785714285714287 0.034722222222222224
0 0.51 0.4027777777777778 0.011785714285714287 0.03333333333333333
8 0.6485714285714286 0.6027777777777777 0.07464285714285715 0.35
8 0.5014285714285714 0.3388888888888889 0.07392857142857143 0.21041666666666667
8 0.35285714285714287 0.33055555555555555 0.05392857142857143 0.25
8 0.4057142857142857 0.3388888888888889 0.054285714285714284 0.23819444444444443
3 0.4 0.25277777777777777 0.03142857142857143 0.04513888888888889
3 0.66 0.48333333333333334 0.02892857142857143 0.08263888888888889