2 0.32 0.11944444444444445 0.04285714285714286 0.08263888888888889
2 0.37714285714285717 0.18888888888888888 0.023571428571428573 0.05416666666666667
2 0.44857142857142857 0.1638888888888889 0.023571428571428573 0.05
2 0.48142857142857143 0.17777777777777778 0.025714285714285714 0.06736111111111111
2 0.6928571428571428 0.19444444444444445 0.020714285714285713 0.04375
2 0.7214285714285714 0.08333333333333333 0.04357142857142857 0.07916666666666666
9 0.3357142857142857 0.325 0.1375 0.31527777777777777
9 0.38 0.36944444444444446 0.033928571428571426 0.11666666666666667
9 0.4442857142857143 0.30277777777777776 0.04214285714285714 0.15486111111111112
9 0.4857142857142857 0.30833333333333335 0.048214285714285716 0.18958333333333333
9 0.5885714285714285 0.2916666666666667 0.056428571428571425 0.19375
9 0.7085714285714285 0.3388888888888889 0.06607142857142857 0.3277777777777778
0 0.6985714285714286 0.7666666666666667 0.04 0.044444444444444446
0 0.5628571428571428 0.6472222222222223 0.028214285714285713 0.027777777777777776
0 0.5971428571428572 0.6444444444444445 0.016785714285714286 0.02361111111111111
0 0.48142857142857143 0.6444444444444445 0.023214285714285715 0.034722222222222224
2 0.5885714285714285 0.13055555555555556 0.04285714285714286 0.06041666666666667
8 0.7085714285714285 0.41944444444444445 0.09678571428571428 0.79375
8 0.6914285714285714 0.2972222222222222 0.048214285714285716 0.2951388888888889
8 0.5828571428571429 0.3861111111111111 0.1175 0.6041666666666666
8 0.48428571428571426 0.40555555555555556 0.08285714285714285 0.5604166666666667
8 0.44 0.3861111111111111 0.07392857142857143 0.5222222222222223
8 0.38 0.43333333333333335 0.07464285714285715 0.5680555555555555
8 0.30857142857142855 0.4361111111111111 0.08571428571428572 0.7555555555555555
3 0.3171428571428571 0.1527777777777778 0.05392857142857143 0.13819444444444445
3 0.37857142857142856 0.21666666666666667 0.037142857142857144 0.12083333333333333
3 0.45 0.19166666666666668 0.031071428571428573 0.12777777777777777
3 0.4785714285714286 0.18888888888888888 0.045714285714285714 0.15
3 0.5871428571428572 0.16666666666666666 0.05678571428571429 0.14583333333333334
3 0.6828571428571428 0.2222222222222222 0.04321428571428571 0.12361111111111112
3 0.71 0.12777777777777777 0.055 0.16666666666666666
5 0.29428571428571426 0.4888888888888889 0.05142857142857143 0.11736111111111111
5 0.3657142857142857 0.4722222222222222 0.023214285714285715 0.0763888888888889
5 0.39714285714285713 0.45555555555555555 0.02892857142857143 0.07222222222222222
5 0.46285714285714286 0.40555555555555556 0.025357142857142856 0.07916666666666666
5 0.4257142857142857 0.4166666666666667 0.04071428571428572 0.08263888888888889
5 0.5214285714285715 0.4083333333333333 0.03142857142857143 0.08263888888888889
5 0.5614285714285714 0.39444444444444443 0.033928571428571426 0.09375
5 0.6114285714285714 0.4222222222222222 0.03964285714285714 0.10138888888888889