9 0.3871428571428571 0.4722222222222222 0.12535714285714286 0.24930555555555556
8 0.5428571428571428 0.5833333333333334 0.19142857142857142 0.7548611111111111
9 0.5385714285714286 0.46111111111111114 0.1367857142857143 0.2659722222222222
0 0.32857142857142857 0.9222222222222223 0.05678571428571429 0.06736111111111111
0 0.4142857142857143 0.9194444444444444 0.06607142857142857 0.07777777777777778
8 0.38142857142857145 0.575 0.2032142857142857 0.7840277777777778
0 0.5114285714285715 0.9111111111111111 0.06 0.08333333333333333
3 0.38857142857142857 0.29444444444444445 0.06857142857142857 0.12777777777777777
0 0.5885714285714285 0.9166666666666666 0.05107142857142857 0.06111111111111111
3 0.5314285714285715 0.28888888888888886 0.0625 0.12152777777777778
5 0.6142857142857143 0.6166666666666667 0.026071428571428572 0.050694444444444445
5 0.4514285714285714 0.6333333333333333 0.025714285714285714 0.06736111111111111
5 0.4757142857142857 0.6222222222222222 0.022857142857142857 0.06666666666666667