8 0.6971428571428572 0.5888888888888889 0.12607142857142858 0.8125
2 0.5771428571428572 0.1638888888888889 0.07107142857142858 0.15138888888888888
4 0.6842857142857143 0.8972222222222223 0.03642857142857143 0.05486111111111111
4 0.6642857142857143 0.9416666666666667 0.03464285714285714 0.08263888888888889
8 0.5721428571428572 0.5222222222222223 0.24428571428571427 0.9555555555555556
8 0.38857142857142857 0.5319444444444444 0.23142857142857143 0.9361111111111111
8 0.31142857142857144 0.3527777777777778 0.11107142857142857 0.4513888888888889
6 0.38 0.21666666666666667 0.1 0.2777777777777778
6 0.3171428571428571 0.21666666666666667 0.04857142857142857 0.18958333333333333
6 0.7014285714285714 0.2722222222222222 0.048928571428571425 0.1326388888888889
3 0.5771428571428572 0.21388888888888888 0.08535714285714285 0.2881944444444444
7 0.69 0.44722222222222224 0.08321428571428571 0.3277777777777778
7 0.5957142857142858 0.5777777777777777 0.12571428571428572 0.5284722222222222
7 0.34714285714285714 0.49444444444444446 0.13107142857142856 0.45
5 0.45285714285714285 0.6722222222222223 0.04928571428571429 0.12291666666666666
5 0.4714285714285714 0.5722222222222222 0.035 0.12361111111111112
1 0.5471428571428572 0.6583333333333333 0.05142857142857143 0.13958333333333334