2 0.37 0.6722222222222223 0.047142857142857146 0.125
2 0.4328571428571429 0.5861111111111111 0.014285714285714285 0.03888888888888889
2 0.5357142857142857 0.6166666666666667 0.01 0.030555555555555555
2 0.6857142857142857 0.4 0.045714285714285714 0.09722222222222222
2 0.5114285714285715 0.5861111111111111 0.012857142857142857 0.025
9 0.36 0.8861111111111111 0.07714285714285714 0.22777777777777777
9 0.7042857142857143 0.6722222222222223 0.08857142857142856 0.40555555555555556
9 0.5 0.65 0.024285714285714285 0.10277777777777777
9 0.5514285714285714 0.6777777777777778 0.03142857142857143 0.10555555555555556
8 0.6785714285714286 0.6277777777777778 0.15571428571428572 0.5722222222222222
8 0.36142857142857143 0.7972222222222223 0.09857142857142857 0.4027777777777778
8 0.42428571428571427 0.6805555555555556 0.06428571428571428 0.25555555555555554
8 0.5042857142857143 0.6583333333333333 0.03 0.175
8 0.55 0.7083333333333334 0.05142857142857143 0.24444444444444444
3 0.6914285714285714 0.43333333333333335 0.07 0.18333333333333332
3 0.5371428571428571 0.6138888888888889 0.03142857142857143 0.08055555555555556
3 0.37 0.6944444444444444 0.06428571428571428 0.225