2 0.34 0.21666666666666667 0.06357142857142857 0.10555555555555556
2 0.6385714285714286 0.1 0.07214285714285715 0.15694444444444444
0 0.4107142857142857 0.9347222222222222 0.08428571428571428 0.13055555555555556
8 0.6478571428571429 0.5 0.2671428571428571 1
8 0.36857142857142855 0.5541666666666667 0.23714285714285716 0.8916666666666667
3 0.3414285714285714 0.24444444444444444 0.06892857142857142 0.16805555555555557
3 0.6442857142857142 0.11944444444444445 0.0975 0.21805555555555556
1 0.35428571428571426 0.6361111111111111 0.05392857142857143 0.17222222222222222
1 0.40285714285714286 0.5222222222222223 0.06892857142857142 0.15069444444444444
1 0.5685714285714286 0.40555555555555556 0.03428571428571429 0.11041666666666666
1 0.6714285714285714 0.44722222222222224 0.0375 0.09930555555555555
7 0.32857142857142857 0.46944444444444444 0.10357142857142858 0.33958333333333335
7 0.68 0.3388888888888889 0.1225 0.38958333333333334