2 0.4085714285714286 0.06944444444444445 0.0425 0.10069444444444445
9 0.6057142857142858 0.2972222222222222 0.18785714285714286 0.38819444444444445
9 0.3914285714285714 0.3111111111111111 0.13428571428571429 0.34375
2 0.5942857142857143 0.06944444444444445 0.04071428571428572 0.06666666666666667
0 0.40714285714285714 0.9472222222222222 0.054285714285714284 0.07222222222222222
0 0.3485714285714286 0.9555555555555556 0.04642857142857143 0.06666666666666667
0 0.6371428571428571 0.9583333333333334 0.023571428571428573 0.07777777777777778
0 0.59 0.9555555555555556 0.040357142857142855 0.07847222222222222
8 0.3792857142857143 0.5069444444444444 0.21571428571428572 0.9861111111111112
8 0.605 0.5 0.2757142857142857 1
3 0.4057142857142857 0.1 0.048214285714285716 0.15625