9 0.3485714285714286 0.425 0.07 0.26944444444444443
9 0.40714285714285714 0.425 0.06142857142857143 0.3
9 0.48714285714285716 0.35555555555555557 0.06714285714285714 0.2722222222222222
2 0.3585714285714286 0.21388888888888888 0.04285714285714286 0.1
2 0.42142857142857143 0.20833333333333334 0.037142857142857144 0.075
2 0.46714285714285714 0.15833333333333333 0.032857142857142856 0.08888888888888889
2 0.5042857142857143 0.16666666666666666 0.03571428571428571 0.06944444444444445
0 0.35285714285714287 0.8861111111111111 0.03857142857142857 0.08611111111111111
0 0.38 0.8833333333333333 0.03857142857142857 0.075
0 0.42142857142857143 0.8611111111111112 0.04285714285714286 0.058333333333333334
0 0.4857142857142857 0.8916666666666667 0.05142857142857143 0.05277777777777778
8 0.3514285714285714 0.5444444444444444 0.09857142857142857 0.8027777777777778
8 0.40714285714285714 0.5222222222222223 0.08142857142857143 0.7388888888888889
8 0.5057142857142857 0.5166666666666667 0.12714285714285714 0.8444444444444444
3 0.35714285714285715 0.25 0.06428571428571428 0.16666666666666666
3 0.41714285714285715 0.23055555555555557 0.05285714285714286 0.1527777777777778
3 0.4857142857142857 0.18611111111111112 0.08285714285714285 0.1527777777777778