9 0.3485714285714286 0.425 0.075 0.27708333333333335
9 0.40714285714285714 0.425 0.07178571428571429 0.30625
9 0.48714285714285716 0.35555555555555557 0.06642857142857143 0.2722222222222222
2 0.3585714285714286 0.21388888888888888 0.04535714285714286 0.10416666666666667
2 0.42142857142857143 0.20833333333333334 0.040357142857142855 0.08194444444444444
2 0.46714285714285714 0.15833333333333333 0.037142857142857144 0.09444444444444444
2 0.5042857142857143 0.16666666666666666 0.03785714285714286 0.07291666666666667
0 0.35285714285714287 0.8861111111111111 0.04 0.08888888888888889
0 0.38 0.8833333333333333 0.04285714285714286 0.08333333333333333
0 0.42142857142857143 0.8611111111111112 0.04535714285714286 0.06597222222222222
0 0.4857142857142857 0.8916666666666667 0.05178571428571429 0.05486111111111111
8 0.3514285714285714 0.5444444444444444 0.12571428571428572 0.8104166666666667
8 0.40714285714285714 0.5222222222222223 0.12892857142857142 0.7451388888888889
8 0.5057142857142857 0.5166666666666667 0.13071428571428573 0.8451388888888889
3 0.35714285714285715 0.25 0.06785714285714285 0.17152777777777778
3 0.41714285714285715 0.23055555555555557 0.056428571428571425 0.15555555555555556
3 0.4857142857142857 0.18611111111111112 0.08892857142857143 0.16597222222222222