2 0.32 0.11944444444444445 0.041428571428571426 0.07777777777777778
2 0.37714285714285717 0.18888888888888888 0.022857142857142857 0.05
2 0.44857142857142857 0.1638888888888889 0.024285714285714285 0.04722222222222222
2 0.48142857142857143 0.17777777777777778 0.025714285714285714 0.06944444444444445
2 0.6928571428571428 0.19444444444444445 0.02142857142857143 0.041666666666666664
2 0.7214285714285714 0.08333333333333333 0.041428571428571426 0.075
9 0.3357142857142857 0.325 0.13 0.3
9 0.38 0.36944444444444446 0.03142857142857143 0.11388888888888889
9 0.4442857142857143 0.30277777777777776 0.03857142857142857 0.1527777777777778
9 0.4857142857142857 0.30833333333333335 0.045714285714285714 0.18888888888888888
9 0.5885714285714285 0.2916666666666667 0.05142857142857143 0.18888888888888888
9 0.7085714285714285 0.3388888888888889 0.06 0.325
0 0.6985714285714286 0.7666666666666667 0.04 0.044444444444444446
0 0.5628571428571428 0.6472222222222223 0.027142857142857142 0.025
0 0.5971428571428572 0.6444444444444445 0.015714285714285715 0.025
0 0.48142857142857143 0.6444444444444445 0.022857142857142857 0.03333333333333333
2 0.5885714285714285 0.13055555555555556 0.041428571428571426 0.05277777777777778
8 0.7085714285714285 0.41944444444444445 0.07857142857142857 0.7888888888888889
8 0.6914285714285714 0.2972222222222222 0.03 0.29444444444444445
8 0.5828571428571429 0.3861111111111111 0.10285714285714286 0.5944444444444444
8 0.48428571428571426 0.40555555555555556 0.06857142857142857 0.5555555555555556
8 0.44 0.3861111111111111 0.06142857142857143 0.5194444444444445
8 0.38 0.43333333333333335 0.06285714285714286 0.5638888888888889
8 0.30857142857142855 0.4361111111111111 0.08571428571428572 0.7555555555555555
3 0.3171428571428571 0.1527777777777778 0.05 0.13333333333333333
3 0.37857142857142856 0.21666666666666667 0.03428571428571429 0.11666666666666667
3 0.45 0.19166666666666668 0.02857142857142857 0.125
3 0.4785714285714286 0.18888888888888888 0.03857142857142857 0.14444444444444443
3 0.5871428571428572 0.16666666666666666 0.05 0.1388888888888889
3 0.6828571428571428 0.2222222222222222 0.041428571428571426 0.12222222222222222
3 0.71 0.12777777777777777 0.05285714285714286 0.1638888888888889
5 0.29428571428571426 0.4888888888888889 0.045714285714285714 0.10833333333333334
5 0.3657142857142857 0.4722222222222222 0.02 0.07222222222222222
5 0.39714285714285713 0.45555555555555555 0.025714285714285714 0.06944444444444445
5 0.46285714285714286 0.40555555555555556 0.022857142857142857 0.08055555555555556
5 0.4257142857142857 0.4166666666666667 0.03857142857142857 0.07777777777777778
5 0.5214285714285715 0.4083333333333333 0.03142857142857143 0.08055555555555556
5 0.5614285714285714 0.39444444444444443 0.02857142857142857 0.08888888888888889
5 0.6114285714285714 0.4222222222222222 0.03571428571428571 0.09722222222222222