2 0.32 0.11944444444444445 0.04535714285714286 0.08472222222222223
2 0.37714285714285717 0.18888888888888888 0.022857142857142857 0.05
2 0.44857142857142857 0.1638888888888889 0.025357142857142856 0.050694444444444445
2 0.48142857142857143 0.17777777777777778 0.02857142857142857 0.07222222222222222
2 0.6928571428571428 0.19444444444444445 0.020714285714285713 0.044444444444444446
2 0.7214285714285714 0.08333333333333333 0.04285714285714286 0.07777777777777778
9 0.3357142857142857 0.325 0.13357142857142856 0.3055555555555556
9 0.38 0.36944444444444446 0.035 0.11736111111111111
9 0.4442857142857143 0.30277777777777776 0.04607142857142857 0.15625
9 0.4857142857142857 0.30833333333333335 0.048928571428571425 0.19305555555555556
9 0.5885714285714285 0.2916666666666667 0.056428571428571425 0.19375
9 0.7085714285714285 0.3388888888888889 0.0775 0.3326388888888889
0 0.6985714285714286 0.7666666666666667 0.04 0.044444444444444446
0 0.5628571428571428 0.6472222222222223 0.02857142857142857 0.03263888888888889
0 0.5971428571428572 0.6444444444444445 0.016785714285714286 0.02361111111111111
0 0.48142857142857143 0.6444444444444445 0.025 0.03819444444444445
2 0.5885714285714285 0.13055555555555556 0.040357142857142855 0.05138888888888889
8 0.7085714285714285 0.41944444444444445 0.13071428571428573 0.7944444444444444
8 0.6914285714285714 0.2972222222222222 0.04642857142857143 0.2951388888888889
8 0.5828571428571429 0.3861111111111111 0.13642857142857143 0.6069444444444444
8 0.48428571428571426 0.40555555555555556 0.07107142857142858 0.5555555555555556
8 0.44 0.3861111111111111 0.08857142857142856 0.5263888888888889
8 0.38 0.43333333333333335 0.06821428571428571 0.5666666666666667
8 0.30857142857142855 0.4361111111111111 0.09178571428571429 0.75625
3 0.3171428571428571 0.1527777777777778 0.05142857142857143 0.13402777777777777
3 0.37857142857142856 0.21666666666666667 0.040357142857142855 0.12222222222222222
3 0.45 0.19166666666666668 0.02857142857142857 0.12708333333333333
3 0.4785714285714286 0.18888888888888888 0.04357142857142857 0.15
3 0.5871428571428572 0.16666666666666666 0.05714285714285714 0.14583333333333334
3 0.6828571428571428 0.2222222222222222 0.04607142857142857 0.12777777777777777
3 0.71 0.12777777777777777 0.05392857142857143 0.16597222222222222
5 0.29428571428571426 0.4888888888888889 0.04607142857142857 0.1111111111111111
5 0.3657142857142857 0.4722222222222222 0.023214285714285715 0.0763888888888889
5 0.39714285714285713 0.45555555555555555 0.028214285714285713 0.07152777777777777
5 0.46285714285714286 0.40555555555555556 0.025714285714285714 0.08263888888888889
5 0.4257142857142857 0.4166666666666667 0.04285714285714286 0.08402777777777778
5 0.5214285714285715 0.4083333333333333 0.031785714285714285 0.08263888888888889
5 0.5614285714285714 0.39444444444444443 0.031071428571428573 0.08958333333333333
5 0.6114285714285714 0.4222222222222222 0.037142857142857144 0.1