2 0.34 0.21666666666666667 0.06285714285714286 0.10069444444444445
2 0.6385714285714286 0.1 0.07428571428571429 0.16111111111111112
0 0.4107142857142857 0.9347222222222222 0.08428571428571428 0.13055555555555556
8 0.6478571428571429 0.5 0.2785714285714286 1
8 0.3678571428571429 0.5597222222222222 0.1957142857142857 0.8805555555555555
3 0.3414285714285714 0.24444444444444444 0.07107142857142858 0.17222222222222222
3 0.6442857142857142 0.11944444444444445 0.08892857142857143 0.20555555555555555
1 0.35428571428571426 0.6361111111111111 0.054285714285714284 0.17222222222222222
1 0.40285714285714286 0.5222222222222223 0.06928571428571428 0.15416666666666667
1 0.5685714285714286 0.40555555555555556 0.02892857142857143 0.10555555555555556
1 0.6714285714285714 0.44722222222222224 0.04 0.1
7 0.32857142857142857 0.46944444444444444 0.09678571428571428 0.3333333333333333
7 0.68 0.3388888888888889 0.11107142857142857 0.3784722222222222