2 0.26571428571428574 0.25555555555555554 0.04428571428571428 0.10555555555555556
2 0.39571428571428574 0.26944444444444443 0.05142857142857143 0.08888888888888889
2 0.5028571428571429 0.2777777777777778 0.05142857142857143 0.08888888888888889
2 0.6042857142857143 0.25 0.05142857142857143 0.1
2 0.7057142857142857 0.13333333333333333 0.06142857142857143 0.125
9 0.2842857142857143 0.4583333333333333 0.08142857142857143 0.3194444444444444
9 0.40285714285714286 0.4583333333333333 0.08285714285714285 0.31666666666666665
9 0.5085714285714286 0.4638888888888889 0.09 0.28055555555555556
9 0.6071428571428571 0.4527777777777778 0.08142857142857143 0.3
0 0.2542857142857143 0.8277777777777777 0.02142857142857143 0.11666666666666667
0 0.29 0.8361111111111111 0.04 0.11388888888888889
0 0.38285714285714284 0.7833333333333333 0.054285714285714284 0.10555555555555556
0 0.41285714285714287 0.8111111111111111 0.05285714285714286 0.11388888888888889
0 0.5 0.7638888888888888 0.05142857142857143 0.09444444444444444
0 0.5228571428571429 0.8083333333333333 0.047142857142857146 0.09444444444444444
0 0.5857142857142857 0.8 0.045714285714285714 0.07222222222222222
0 0.6085714285714285 0.8388888888888889 0.05142857142857143 0.08888888888888889
0 0.6914285714285714 0.8361111111111111 0.06142857142857143 0.1
0 0.7171428571428572 0.8694444444444445 0.07571428571428572 0.1111111111111111
8 0.7057142857142857 0.5194444444444445 0.10142857142857142 0.8916666666666667
8 0.6057142857142858 0.5527777777777778 0.09142857142857143 0.7
8 0.51 0.5388888888888889 0.1 0.6277777777777778
8 0.39285714285714285 0.5388888888888889 0.09857142857142857 0.6416666666666667
8 0.2814285714285714 0.5444444444444444 0.07571428571428572 0.6888888888888889
3 0.26857142857142857 0.29444444444444445 0.041428571428571426 0.1388888888888889
3 0.39714285714285713 0.3 0.04285714285714286 0.12777777777777777
3 0.5014285714285714 0.30277777777777776 0.041428571428571426 0.11944444444444445
3 0.6071428571428571 0.28055555555555556 0.03857142857142857 0.13333333333333333
3 0.7057142857142857 0.16944444444444445 0.05285714285714286 0.175