9 0.3514285714285714 0.24722222222222223 0.03464285714285714 0.05
9 0.4057142857142857 0.31666666666666665 0.0375 0.08333333333333333
9 0.5042857142857143 0.3111111111111111 0.030714285714285715 0.05416666666666667
9 0.6571428571428571 0.5388888888888889 0.03428571428571429 0.08819444444444445
3 0.66 0.48055555555555557 0.016428571428571428 0.03958333333333333
3 0.40285714285714286 0.25555555555555554 0.017142857142857144 0.03333333333333333
0 0.6342857142857142 0.7027777777777777 0.0175 0.0375
0 0.41714285714285715 0.425 0.012142857142857143 0.05138888888888889
0 0.3985714285714286 0.4083333333333333 0.014642857142857143 0.05
0 0.37 0.3972222222222222 0.017142857142857144 0.0625
0 0.3485714285714286 0.35 0.014642857142857143 0.050694444444444445
0 0.52 0.40555555555555556 0.011785714285714287 0.034722222222222224
0 0.51 0.4027777777777778 0.011428571428571429 0.03333333333333333
8 0.6428571428571429 0.6138888888888889 0.06357142857142857 0.32222222222222224
8 0.5 0.35 0.06357142857142857 0.16666666666666666
8 0.35 0.3111111111111111 0.06571428571428571 0.24513888888888888
8 0.4057142857142857 0.3472222222222222 0.05714285714285714 0.21180555555555555
0 0.51 0.4 0.014285714285714285 0.04375