8 0.6971428571428572 0.5888888888888889 0.12607142857142858 0.8125
2 0.5771428571428572 0.1638888888888889 0.07107142857142858 0.15069444444444444
4 0.6842857142857143 0.8972222222222223 0.03428571428571429 0.05
4 0.6642857142857143 0.9416666666666667 0.03214285714285714 0.07847222222222222
8 0.5728571428571428 0.525 0.21714285714285714 0.95
8 0.38857142857142857 0.5263888888888889 0.26 0.9472222222222222
8 0.31142857142857144 0.3527777777777778 0.09392857142857143 0.4444444444444444
6 0.38 0.21666666666666667 0.10535714285714286 0.2833333333333333
6 0.3171428571428571 0.21666666666666667 0.048928571428571425 0.19027777777777777
6 0.7014285714285714 0.2722222222222222 0.047857142857142855 0.1284722222222222
3 0.5771428571428572 0.21388888888888888 0.09678571428571428 0.29583333333333334
7 0.69 0.44722222222222224 0.09142857142857143 0.3375
7 0.5957142857142858 0.5777777777777777 0.1457142857142857 0.5395833333333333
7 0.34714285714285714 0.49444444444444446 0.14642857142857144 0.4652777777777778
5 0.45285714285714285 0.6722222222222223 0.04857142857142857 0.12152777777777778
5 0.4714285714285714 0.5722222222222222 0.040357142857142855 0.1284722222222222
1 0.5471428571428572 0.6583333333333333 0.05928571428571429 0.14930555555555555