9 0.3871428571428571 0.4722222222222222 0.12285714285714286 0.24722222222222223
8 0.5428571428571428 0.5833333333333334 0.17285714285714285 0.7388888888888889
9 0.5385714285714286 0.46111111111111114 0.12285714285714286 0.2388888888888889
0 0.32857142857142857 0.9222222222222223 0.054285714285714284 0.058333333333333334
0 0.4142857142857143 0.9194444444444444 0.06428571428571428 0.06666666666666667
8 0.38142857142857145 0.575 0.17142857142857143 0.7638888888888888
0 0.5114285714285715 0.9111111111111111 0.05857142857142857 0.07777777777777778
3 0.38857142857142857 0.29444444444444445 0.06428571428571428 0.11666666666666667
0 0.5885714285714285 0.9166666666666666 0.05 0.06111111111111111
3 0.5314285714285715 0.28888888888888886 0.05857142857142857 0.11388888888888889
5 0.6142857142857143 0.6166666666666667 0.025714285714285714 0.05
5 0.4514285714285714 0.6333333333333333 0.024285714285714285 0.06388888888888888
5 0.4757142857142857 0.6222222222222222 0.02142857142857143 0.06388888888888888