9 0.6271428571428571 0.5944444444444444 0.14714285714285713 0.17777777777777778
9 0.36428571428571427 0.6 0.15571428571428572 0.17777777777777778
9 0.38285714285714284 0.8666666666666667 0.14 0.1638888888888889
9 0.6271428571428571 0.8666666666666667 0.12714285714285714 0.16111111111111112
9 0.6314285714285715 0.2861111111111111 0.1357142857142857 0.17777777777777778
9 0.38142857142857145 0.2972222222222222 0.14285714285714285 0.17777777777777778
8 0.38142857142857145 0.25833333333333336 0.16857142857142857 0.2777777777777778
8 0.37 0.5527777777777778 0.17857142857142858 0.28055555555555556
8 0.38857142857142857 0.8472222222222222 0.17857142857142858 0.2833333333333333
8 0.6285714285714286 0.8472222222222222 0.18857142857142858 0.2777777777777778
8 0.6242857142857143 0.55 0.18285714285714286 0.2833333333333333
8 0.6271428571428571 0.2611111111111111 0.17 0.28055555555555556
6 0.38142857142857145 0.17222222222222222 0.06285714285714286 0.11944444444444445
6 0.6314285714285715 0.175 0.06428571428571428 0.11944444444444445
6 0.36857142857142855 0.49444444444444446 0.07428571428571429 0.175
6 0.6257142857142857 0.4777777777777778 0.08714285714285715 0.13333333333333333
6 0.3914285714285714 0.7638888888888888 0.06714285714285714 0.1111111111111111
6 0.6314285714285715 0.7611111111111111 0.08571428571428572 0.11388888888888889