9 0.6271428571428571 0.5944444444444444 0.15142857142857144 0.1951388888888889
9 0.36428571428571427 0.6 0.16035714285714286 0.19375
9 0.38285714285714284 0.8666666666666667 0.14285714285714285 0.17708333333333334
9 0.6271428571428571 0.8666666666666667 0.12821428571428573 0.16180555555555556
9 0.6314285714285715 0.2861111111111111 0.14 0.18888888888888888
9 0.38142857142857145 0.2972222222222222 0.15071428571428572 0.19375
8 0.38142857142857145 0.25833333333333336 0.18285714285714286 0.31180555555555556
8 0.37 0.5527777777777778 0.19142857142857142 0.31180555555555556
8 0.38785714285714284 0.8458333333333333 0.18714285714285714 0.30833333333333335
8 0.6285714285714286 0.8458333333333333 0.2 0.30833333333333335
8 0.6242857142857143 0.55 0.19392857142857142 0.3111111111111111
8 0.6271428571428571 0.2611111111111111 0.17357142857142857 0.2881944444444444
6 0.38 0.1638888888888889 0.06035714285714286 0.08263888888888889
6 0.6328571428571429 0.16111111111111112 0.05392857142857143 0.07708333333333334
6 0.36428571428571427 0.46111111111111114 0.06607142857142857 0.08333333333333333
6 0.6228571428571429 0.4583333333333333 0.06321428571428571 0.08819444444444445
6 0.38285714285714284 0.7416666666666667 0.05964285714285714 0.08194444444444444
6 0.6257142857142857 0.7444444444444445 0.054642857142857146 0.07708333333333334
5 0.3271428571428571 0.9694444444444444 0.03142857142857143 0.05625
5 0.4542857142857143 0.9666666666666667 0.025714285714285714 0.044444444444444446
5 0.5557142857142857 0.9638888888888889 0.03214285714285714 0.050694444444444445
5 0.7 0.9638888888888889 0.031071428571428573 0.05138888888888889