9 0.6271428571428571 0.5944444444444444 0.15642857142857142 0.2111111111111111
9 0.36428571428571427 0.6 0.1625 0.2
9 0.38285714285714284 0.8666666666666667 0.14285714285714285 0.17708333333333334
9 0.6271428571428571 0.8666666666666667 0.13142857142857142 0.17291666666666666
9 0.6314285714285715 0.2861111111111111 0.1425 0.19583333333333333
9 0.38142857142857145 0.2972222222222222 0.14285714285714285 0.17777777777777778
8 0.38142857142857145 0.25833333333333336 0.17107142857142857 0.2833333333333333
8 0.37 0.5527777777777778 0.18642857142857142 0.30069444444444443
8 0.38857142857142857 0.8472222222222222 0.18607142857142858 0.3055555555555556
8 0.6278571428571429 0.8458333333333333 0.19857142857142857 0.30833333333333335
8 0.6242857142857143 0.55 0.19464285714285715 0.3125
8 0.6271428571428571 0.2611111111111111 0.17464285714285716 0.2902777777777778
6 0.38142857142857145 0.17222222222222222 0.06821428571428571 0.13194444444444445
6 0.6314285714285715 0.175 0.06821428571428571 0.12777777777777777
6 0.36857142857142855 0.49444444444444446 0.0825 0.18819444444444444
6 0.6257142857142857 0.4777777777777778 0.08857142857142856 0.13958333333333334
6 0.3914285714285714 0.7638888888888888 0.06857142857142857 0.11180555555555556
6 0.6314285714285715 0.7611111111111111 0.08642857142857142 0.11736111111111111