9 0.6271428571428571 0.5944444444444444 0.14642857142857144 0.17847222222222223
9 0.36428571428571427 0.6 0.1625 0.2
9 0.38285714285714284 0.8666666666666667 0.1425 0.17222222222222222
9 0.6271428571428571 0.8666666666666667 0.12821428571428573 0.16180555555555556
9 0.6314285714285715 0.2861111111111111 0.14357142857142857 0.20416666666666666
9 0.38142857142857145 0.2972222222222222 0.14821428571428572 0.19375
8 0.38142857142857145 0.25833333333333336 0.18071428571428572 0.30694444444444446
8 0.37 0.5527777777777778 0.19214285714285714 0.31666666666666665
8 0.38857142857142857 0.8472222222222222 0.18571428571428572 0.30416666666666664
8 0.6278571428571429 0.8458333333333333 0.19857142857142857 0.30833333333333335
8 0.6242857142857143 0.55 0.18857142857142858 0.2986111111111111
8 0.6271428571428571 0.2611111111111111 0.17964285714285713 0.3013888888888889
6 0.38142857142857145 0.17222222222222222 0.06285714285714286 0.12152777777777778
6 0.6314285714285715 0.175 0.06857142857142857 0.12777777777777777
6 0.36857142857142855 0.49444444444444446 0.07678571428571429 0.17847222222222223
6 0.6257142857142857 0.4777777777777778 0.08607142857142858 0.13402777777777777
6 0.3914285714285714 0.7638888888888888 0.06892857142857142 0.11597222222222223
6 0.6314285714285715 0.7611111111111111 0.08857142857142856 0.12222222222222222