9 0.6271428571428571 0.5944444444444444 0.15178571428571427 0.19930555555555557
9 0.36428571428571427 0.6 0.16 0.18958333333333333
9 0.38285714285714284 0.8666666666666667 0.1457142857142857 0.1840277777777778
9 0.6271428571428571 0.8666666666666667 0.13357142857142856 0.17708333333333334
9 0.6314285714285715 0.2861111111111111 0.14214285714285715 0.19444444444444445
9 0.38142857142857145 0.2972222222222222 0.15178571428571427 0.20416666666666666
8 0.38142857142857145 0.25833333333333336 0.16892857142857143 0.28194444444444444
8 0.37 0.5527777777777778 0.18285714285714286 0.28958333333333336
8 0.38857142857142857 0.8458333333333333 0.18857142857142858 0.30833333333333335
8 0.6285714285714286 0.8472222222222222 0.19178571428571428 0.2847222222222222
8 0.6242857142857143 0.55 0.19392857142857142 0.3111111111111111
8 0.6271428571428571 0.2611111111111111 0.17714285714285713 0.2986111111111111
6 0.38 0.1638888888888889 0.06035714285714286 0.08194444444444444
6 0.6328571428571429 0.16111111111111112 0.05714285714285714 0.0875
6 0.36428571428571427 0.46111111111111114 0.06821428571428571 0.08819444444444445
6 0.6228571428571429 0.4583333333333333 0.06285714285714286 0.08333333333333333
6 0.38285714285714284 0.7416666666666667 0.05714285714285714 0.07291666666666667
6 0.6257142857142857 0.7444444444444445 0.054285714285714284 0.07291666666666667
5 0.3271428571428571 0.9694444444444444 0.031785714285714285 0.059722222222222225
5 0.4542857142857143 0.9666666666666667 0.026071428571428572 0.04513888888888889
5 0.5557142857142857 0.9638888888888889 0.03214285714285714 0.050694444444444445
5 0.7 0.9638888888888889 0.03142857142857143 0.05555555555555555