9 0.6271428571428571 0.5944444444444444 0.14714285714285713 0.17777777777777778
9 0.36428571428571427 0.6 0.15571428571428572 0.17777777777777778
9 0.38285714285714284 0.8666666666666667 0.14 0.1638888888888889
9 0.6271428571428571 0.8666666666666667 0.12714285714285714 0.16111111111111112
9 0.6314285714285715 0.2861111111111111 0.1357142857142857 0.17777777777777778
9 0.38142857142857145 0.2972222222222222 0.1442857142857143 0.17777777777777778
8 0.38142857142857145 0.25833333333333336 0.16857142857142857 0.2777777777777778
8 0.37 0.5527777777777778 0.17857142857142858 0.28055555555555556
8 0.38857142857142857 0.8472222222222222 0.17857142857142858 0.2833333333333333
8 0.6285714285714286 0.8472222222222222 0.18857142857142858 0.2777777777777778
8 0.6242857142857143 0.55 0.18285714285714286 0.2833333333333333
8 0.6271428571428571 0.2611111111111111 0.17 0.28055555555555556
6 0.38 0.1638888888888889 0.05857142857142857 0.06944444444444445
6 0.6328571428571429 0.16111111111111112 0.05285714285714286 0.075
6 0.36428571428571427 0.46111111111111114 0.06571428571428571 0.08055555555555556
6 0.6228571428571429 0.4583333333333333 0.06142857142857143 0.08055555555555556
6 0.38285714285714284 0.7416666666666667 0.055714285714285716 0.06944444444444445
6 0.6257142857142857 0.7444444444444445 0.05285714285714286 0.06666666666666667
5 0.3271428571428571 0.9694444444444444 0.03 0.05555555555555555
5 0.4542857142857143 0.9666666666666667 0.025714285714285714 0.044444444444444446
5 0.5557142857142857 0.9638888888888889 0.032857142857142856 0.05
5 0.7 0.9638888888888889 0.03 0.05