9 0.37285714285714283 0.5944444444444444 0.15214285714285714 0.2
9 0.6357142857142857 0.6 0.15785714285714286 0.1840277777777778
9 0.6171428571428571 0.8666666666666667 0.14035714285714285 0.16666666666666666
9 0.37285714285714283 0.8666666666666667 0.12857142857142856 0.16597222222222222
9 0.36857142857142855 0.2861111111111111 0.14214285714285715 0.19444444444444445
9 0.6185714285714285 0.2972222222222222 0.15428571428571428 0.2111111111111111
8 0.3757142857142857 0.25555555555555554 0.1792857142857143 0.29930555555555555
8 0.3757142857142857 0.5555555555555556 0.17714285714285713 0.29375
8 0.37285714285714283 0.8472222222222222 0.18321428571428572 0.3
8 0.6128571428571429 0.8472222222222222 0.18857142857142858 0.3055555555555556
8 0.63 0.5527777777777778 0.18607142857142858 0.3215277777777778
8 0.6214285714285714 0.2611111111111111 0.18 0.3
6 0.37 0.16944444444444445 0.08607142857142858 0.1597222222222222
6 0.6228571428571429 0.17222222222222222 0.06928571428571428 0.1326388888888889
6 0.6257142857142857 0.4722222222222222 0.09464285714285714 0.13333333333333333
6 0.3914285714285714 0.46111111111111114 0.07928571428571428 0.12361111111111112
6 0.37857142857142856 0.7416666666666667 0.07107142857142858 0.12152777777777778
6 0.6142857142857143 0.7444444444444445 0.062142857142857146 0.10486111111111111