9 0.37285714285714283 0.5944444444444444 0.14714285714285713 0.17777777777777778
9 0.6357142857142857 0.6 0.15571428571428572 0.17777777777777778
9 0.6171428571428571 0.8666666666666667 0.14 0.1638888888888889
9 0.37285714285714283 0.8666666666666667 0.12714285714285714 0.16111111111111112
9 0.36857142857142855 0.2861111111111111 0.1357142857142857 0.17777777777777778
9 0.6185714285714285 0.2972222222222222 0.1442857142857143 0.17777777777777778
8 0.3757142857142857 0.25555555555555554 0.1742857142857143 0.2861111111111111
8 0.3757142857142857 0.5555555555555556 0.1757142857142857 0.2861111111111111
8 0.37285714285714283 0.8472222222222222 0.1757142857142857 0.2777777777777778
8 0.6128571428571429 0.85 0.1757142857142857 0.275
8 0.63 0.5527777777777778 0.1757142857142857 0.29444444444444445
8 0.6214285714285714 0.2611111111111111 0.16857142857142857 0.2722222222222222
6 0.37 0.16944444444444445 0.08571428571428572 0.15555555555555556
6 0.6228571428571429 0.17222222222222222 0.06714285714285714 0.12777777777777777
6 0.6257142857142857 0.4722222222222222 0.09 0.11944444444444445
6 0.3914285714285714 0.46111111111111114 0.07428571428571429 0.11388888888888889
6 0.37857142857142856 0.7416666666666667 0.06857142857142857 0.11388888888888889
6 0.6142857142857143 0.7444444444444445 0.06 0.1