9 0.37285714285714283 0.5944444444444444 0.14821428571428572 0.18263888888888888
9 0.6357142857142857 0.6 0.15714285714285714 0.17847222222222223
9 0.6171428571428571 0.8666666666666667 0.14035714285714285 0.16666666666666666
9 0.37285714285714283 0.8666666666666667 0.135 0.18958333333333333
9 0.36857142857142855 0.2861111111111111 0.1457142857142857 0.20694444444444443
9 0.6185714285714285 0.2972222222222222 0.14857142857142858 0.18888888888888888
8 0.3757142857142857 0.25555555555555554 0.18321428571428572 0.30972222222222223
8 0.3757142857142857 0.5555555555555556 0.1792857142857143 0.2951388888888889
8 0.37285714285714283 0.8472222222222222 0.175 0.28194444444444444
8 0.6128571428571429 0.85 0.18285714285714286 0.2951388888888889
8 0.63 0.5527777777777778 0.18857142857142858 0.32708333333333334
8 0.6214285714285714 0.2611111111111111 0.18285714285714286 0.30625
6 0.37 0.16944444444444445 0.08571428571428572 0.15625
6 0.6228571428571429 0.17222222222222222 0.07357142857142857 0.1388888888888889
6 0.6257142857142857 0.4722222222222222 0.09392857142857143 0.1284722222222222
6 0.3914285714285714 0.46111111111111114 0.07714285714285714 0.12152777777777778
6 0.37857142857142856 0.7416666666666667 0.07428571428571429 0.1284722222222222
6 0.6142857142857143 0.7444444444444445 0.06535714285714286 0.1111111111111111