9 0.6257142857142857 0.2833333333333333 0.14821428571428572 0.2881944444444444
9 0.38285714285714284 0.2972222222222222 0.14857142857142858 0.30694444444444446
9 0.6228571428571429 0.7722222222222223 0.16071428571428573 0.30486111111111114
9 0.3657142857142857 0.7972222222222223 0.1625 0.30694444444444446
8 0.36714285714285716 0.7486111111111111 0.22 0.5027777777777778
8 0.37285714285714283 0.25833333333333336 0.1792857142857143 0.4888888888888889
8 0.6342857142857142 0.25833333333333336 0.1767857142857143 0.4888888888888889
8 0.6064285714285714 0.7569444444444444 0.21857142857142858 0.4861111111111111
3 0.62 0.5888888888888889 0.075 0.14375
3 0.3742857142857143 0.5833333333333334 0.07928571428571428 0.12777777777777777
3 0.6428571428571429 0.08055555555555556 0.08035714285714286 0.1326388888888889
3 0.3514285714285714 0.08611111111111111 0.09642857142857143 0.13333333333333333
5 0.6071428571428571 0.4638888888888889 0.04607142857142857 0.07361111111111111
5 0.3028571428571429 0.44166666666666665 0.0375 0.0625
5 0.6857142857142857 0.9277777777777778 0.0425 0.07291666666666667
5 0.56 0.6055555555555555 0.045 0.06111111111111111