9 0.6257142857142857 0.2833333333333333 0.1442857142857143 0.28055555555555556
9 0.38285714285714284 0.2972222222222222 0.14714285714285713 0.30833333333333335
9 0.6228571428571429 0.7722222222222223 0.14857142857142858 0.2777777777777778
9 0.3657142857142857 0.7972222222222223 0.15571428571428572 0.29444444444444445
8 0.36714285714285716 0.7555555555555555 0.20142857142857143 0.4861111111111111
8 0.37285714285714283 0.25833333333333336 0.1757142857142857 0.48333333333333334
8 0.6342857142857142 0.25833333333333336 0.1757142857142857 0.4888888888888889
8 0.6071428571428571 0.7583333333333333 0.21428571428571427 0.48055555555555557
3 0.62 0.5888888888888889 0.07285714285714286 0.1388888888888889
3 0.3742857142857143 0.5833333333333334 0.07714285714285714 0.125
3 0.6428571428571429 0.08055555555555556 0.07857142857142857 0.13055555555555556
3 0.3514285714285714 0.08611111111111111 0.09428571428571429 0.13055555555555556
5 0.6071428571428571 0.4638888888888889 0.045714285714285714 0.075
5 0.3028571428571429 0.44166666666666665 0.037142857142857144 0.06388888888888888
5 0.6857142857142857 0.9277777777777778 0.03857142857142857 0.06666666666666667
5 0.56 0.6055555555555555 0.04285714285714286 0.058333333333333334