9 0.6257142857142857 0.2833333333333333 0.15964285714285714 0.3104166666666667
9 0.38285714285714284 0.2972222222222222 0.1625 0.3333333333333333
9 0.6228571428571429 0.7722222222222223 0.16071428571428573 0.30486111111111114
9 0.3657142857142857 0.7972222222222223 0.16 0.30486111111111114
8 0.36642857142857144 0.7527777777777778 0.21 0.49444444444444446
8 0.37285714285714283 0.25833333333333336 0.19464285714285715 0.5069444444444444
8 0.6342857142857142 0.25833333333333336 0.19464285714285715 0.5118055555555555
8 0.6064285714285714 0.7486111111111111 0.23857142857142857 0.5027777777777778
3 0.62 0.5888888888888889 0.07464285714285715 0.14305555555555555
3 0.3742857142857143 0.5833333333333334 0.08071428571428571 0.13333333333333333
3 0.6428571428571429 0.08055555555555556 0.08535714285714285 0.14375
3 0.3514285714285714 0.08611111111111111 0.1 0.1451388888888889
5 0.6071428571428571 0.4638888888888889 0.047857142857142855 0.07708333333333334
5 0.3028571428571429 0.44166666666666665 0.039285714285714285 0.06666666666666667
5 0.6857142857142857 0.9277777777777778 0.0425 0.0763888888888889
5 0.56 0.6055555555555555 0.04285714285714286 0.05694444444444444