9 0.49142857142857144 0.4111111111111111 0.1357142857142857 0.42777777777777776
9 0.6685714285714286 0.43333333333333335 0.13857142857142857 0.44166666666666665
9 0.33285714285714285 0.3861111111111111 0.10285714285714286 0.33611111111111114
0 0.38285714285714284 0.7666666666666667 0.04 0.1
8 0.3271428571428571 0.4777777777777778 0.16857142857142857 0.7
8 0.4785714285714286 0.425 0.16714285714285715 0.8472222222222222
8 0.6557142857142857 0.43333333333333335 0.20285714285714285 0.85
6 0.48714285714285716 0.09166666666666666 0.07285714285714286 0.18333333333333332
6 0.67 0.1 0.07142857142857142 0.18888888888888888
6 0.28 0.20833333333333334 0.07285714285714286 0.15555555555555556
5 0.34 0.2833333333333333 0.032857142857142856 0.08055555555555556
5 0.4157142857142857 0.625 0.02857142857142857 0.08888888888888889
5 0.5971428571428572 0.6138888888888889 0.027142857142857142 0.08333333333333333
5 0.2742857142857143 0.575 0.03 0.06388888888888888