9 0.49142857142857144 0.4111111111111111 0.14785714285714285 0.4395833333333333
9 0.6685714285714286 0.43333333333333335 0.13964285714285715 0.4444444444444444
9 0.33285714285714285 0.3861111111111111 0.12035714285714286 0.35555555555555557
0 0.38285714285714284 0.7666666666666667 0.045 0.10555555555555556
8 0.3271428571428571 0.4777777777777778 0.1975 0.7222222222222222
8 0.47785714285714287 0.42916666666666664 0.20714285714285716 0.8583333333333333
8 0.655 0.43472222222222223 0.2357142857142857 0.8694444444444445
6 0.48714285714285716 0.09305555555555556 0.07714285714285714 0.18611111111111112
6 0.67 0.1 0.07964285714285714 0.19930555555555557
6 0.28 0.20833333333333334 0.0825 0.17083333333333334
5 0.34 0.2833333333333333 0.03464285714285714 0.07916666666666666
5 0.4157142857142857 0.625 0.03142857142857143 0.09305555555555556
5 0.5971428571428572 0.6138888888888889 0.029285714285714286 0.08472222222222223
5 0.2742857142857143 0.575 0.03357142857142857 0.06736111111111111