9 0.49142857142857144 0.4111111111111111 0.1457142857142857 0.43819444444444444
9 0.6685714285714286 0.43333333333333335 0.1432142857142857 0.44930555555555557
9 0.33285714285714285 0.3861111111111111 0.11142857142857143 0.3451388888888889
0 0.38285714285714284 0.7666666666666667 0.04071428571428572 0.10069444444444445
8 0.3271428571428571 0.4777777777777778 0.18607142857142858 0.7125
8 0.4785714285714286 0.4305555555555556 0.21142857142857144 0.8611111111111112
8 0.655 0.4375 0.2557142857142857 0.875
6 0.48642857142857143 0.09305555555555556 0.07857142857142857 0.18611111111111112
6 0.67 0.1 0.07964285714285714 0.19930555555555557
6 0.28 0.20833333333333334 0.07928571428571428 0.1625
5 0.34 0.2833333333333333 0.033928571428571426 0.07847222222222222
5 0.4157142857142857 0.625 0.030714285714285715 0.08958333333333333
5 0.5971428571428572 0.6138888888888889 0.028214285714285713 0.08333333333333333
5 0.2742857142857143 0.575 0.03142857142857143 0.06666666666666667