9 0.49142857142857144 0.4111111111111111 0.1357142857142857 0.4305555555555556
9 0.6685714285714286 0.43333333333333335 0.13857142857142857 0.44166666666666665
9 0.33285714285714285 0.3861111111111111 0.10285714285714286 0.33611111111111114
0 0.38285714285714284 0.7666666666666667 0.04 0.1
8 0.3271428571428571 0.4777777777777778 0.16857142857142857 0.7
8 0.4785714285714286 0.425 0.16714285714285715 0.8472222222222222
8 0.6557142857142857 0.43333333333333335 0.20285714285714285 0.85
6 0.49 0.09722222222222222 0.07285714285714286 0.18055555555555555
6 0.6742857142857143 0.10277777777777777 0.07 0.18888888888888888
6 0.28 0.20555555555555555 0.06714285714285714 0.14166666666666666
5 0.3357142857142857 0.2833333333333333 0.03 0.07777777777777778
5 0.27285714285714285 0.575 0.03 0.058333333333333334
5 0.4114285714285714 0.6222222222222222 0.025714285714285714 0.08888888888888889
5 0.5957142857142858 0.6166666666666667 0.02857142857142857 0.08333333333333333