9 0.49142857142857144 0.4111111111111111 0.16035714285714286 0.45625
9 0.6685714285714286 0.43333333333333335 0.14785714285714285 0.45416666666666666
9 0.33285714285714285 0.3861111111111111 0.10857142857142857 0.34375
0 0.38285714285714284 0.7666666666666667 0.0425 0.10138888888888889
8 0.3271428571428571 0.4777777777777778 0.17142857142857143 0.7013888888888888
8 0.4785714285714286 0.4305555555555556 0.21142857142857144 0.8611111111111112
8 0.6557142857142857 0.43333333333333335 0.2092857142857143 0.8555555555555555
6 0.49 0.09722222222222222 0.07464285714285715 0.18472222222222223
6 0.6742857142857143 0.10277777777777777 0.07107142857142858 0.18958333333333333
6 0.28 0.20555555555555555 0.06892857142857142 0.1451388888888889
5 0.3357142857142857 0.2833333333333333 0.03464285714285714 0.08333333333333333
5 0.27285714285714285 0.575 0.031071428571428573 0.06041666666666667
5 0.4114285714285714 0.6222222222222222 0.028214285714285713 0.08958333333333333
5 0.5957142857142858 0.6166666666666667 0.030714285714285715 0.08402777777777778