9 0.49142857142857144 0.4111111111111111 0.1375 0.43333333333333335
9 0.6685714285714286 0.43333333333333335 0.14535714285714285 0.45069444444444445
9 0.33285714285714285 0.3861111111111111 0.11428571428571428 0.34930555555555554
0 0.38285714285714284 0.7666666666666667 0.040357142857142855 0.1
8 0.3271428571428571 0.4777777777777778 0.2032142857142857 0.7270833333333333
8 0.47785714285714287 0.42777777777777776 0.19285714285714287 0.8555555555555555
8 0.6557142857142857 0.43333333333333335 0.20607142857142857 0.8541666666666666
6 0.49 0.09722222222222222 0.07785714285714286 0.19305555555555556
6 0.6742857142857143 0.10277777777777777 0.07357142857142857 0.19375
6 0.28 0.20555555555555555 0.07428571428571429 0.15486111111111112
5 0.3357142857142857 0.2833333333333333 0.03464285714285714 0.08333333333333333
5 0.27285714285714285 0.575 0.03142857142857143 0.06111111111111111
5 0.4114285714285714 0.6222222222222222 0.027857142857142858 0.08958333333333333
5 0.5957142857142858 0.6166666666666667 0.031785714285714285 0.08819444444444445