9 0.3442857142857143 0.7388888888888889 0.12928571428571428 0.44305555555555554
9 0.49 0.7472222222222222 0.1392857142857143 0.4263888888888889
9 0.6428571428571429 0.7638888888888888 0.14535714285714285 0.45625
8 0.3364285714285714 0.6527777777777778 0.22428571428571428 0.6944444444444444
8 0.48857142857142855 0.6472222222222223 0.23142857142857143 0.7055555555555556
8 0.6357142857142857 0.6611111111111111 0.20285714285714285 0.6777777777777778
6 0.35 0.425 0.06892857142857142 0.19930555555555557
6 0.4942857142857143 0.44166666666666665 0.06571428571428571 0.19583333333333333
6 0.64 0.45 0.07357142857142857 0.21597222222222223
5 0.33 0.8277777777777777 0.055 0.08402777777777778
5 0.6314285714285715 0.8583333333333333 0.05714285714285714 0.10486111111111111
5 0.5607142857142857 0.9569444444444445 0.027142857142857142 0.08611111111111111