9 0.6557142857142857 0.7388888888888889 0.1407142857142857 0.45069444444444445
9 0.51 0.7472222222222222 0.1367857142857143 0.4222222222222222
9 0.35714285714285715 0.7638888888888888 0.13071428571428573 0.44027777777777777
8 0.36357142857142855 0.6666666666666666 0.2042857142857143 0.6666666666666666
8 0.5114285714285715 0.6583333333333333 0.18857142857142858 0.6833333333333333
8 0.6535714285714286 0.6569444444444444 0.19285714285714287 0.6861111111111111
6 0.3628571428571429 0.4444444444444444 0.06 0.2
6 0.5085714285714286 0.4388888888888889 0.07178571428571429 0.21041666666666667
6 0.6514285714285715 0.425 0.07464285714285715 0.2048611111111111
5 0.3657142857142857 0.8583333333333333 0.04857142857142857 0.07847222222222222
5 0.5257142857142857 0.85 0.054285714285714284 0.0875
5 0.6728571428571428 0.8305555555555556 0.0625 0.09513888888888888