9 0.3442857142857143 0.7388888888888889 0.14892857142857144 0.45625
9 0.49 0.7472222222222222 0.15392857142857144 0.4388888888888889
9 0.6428571428571429 0.7638888888888888 0.14857142857142858 0.46041666666666664
8 0.33714285714285713 0.6541666666666667 0.22 0.6916666666666667
8 0.48857142857142855 0.6541666666666667 0.20285714285714285 0.6916666666666667
8 0.6357142857142857 0.6569444444444444 0.22 0.6861111111111111
6 0.35 0.425 0.06285714285714286 0.19305555555555556
6 0.4942857142857143 0.44166666666666665 0.06535714285714286 0.19583333333333333
6 0.64 0.45 0.06785714285714285 0.20972222222222223
5 0.33 0.8277777777777777 0.05928571428571429 0.09027777777777778
5 0.6314285714285715 0.8583333333333333 0.05392857142857143 0.09930555555555555
5 0.5614285714285714 0.9569444444444445 0.02857142857142857 0.08611111111111111