9 0.6557142857142857 0.7388888888888889 0.1367857142857143 0.44583333333333336
9 0.51 0.7472222222222222 0.15464285714285714 0.4395833333333333
9 0.35714285714285715 0.7638888888888888 0.15178571428571427 0.4618055555555556
8 0.36357142857142855 0.6666666666666666 0.20714285714285716 0.6666666666666666
8 0.5107142857142857 0.6527777777777778 0.21857142857142858 0.6944444444444444
8 0.6535714285714286 0.6541666666666667 0.21 0.6916666666666667
6 0.3628571428571429 0.4444444444444444 0.06821428571428571 0.20972222222222223
6 0.5085714285714286 0.4388888888888889 0.07357142857142857 0.2111111111111111
6 0.6514285714285715 0.425 0.07678571428571429 0.20555555555555555
5 0.3657142857142857 0.8583333333333333 0.05071428571428571 0.08194444444444444
5 0.5257142857142857 0.85 0.05392857142857143 0.0875
5 0.6728571428571428 0.8305555555555556 0.0625 0.09513888888888888