9 0.6557142857142857 0.7388888888888889 0.12428571428571429 0.4361111111111111
9 0.51 0.7472222222222222 0.13142857142857142 0.4166666666666667
9 0.35714285714285715 0.7638888888888888 0.12857142857142856 0.44166666666666665
8 0.36428571428571427 0.6694444444444444 0.1957142857142857 0.6583333333333333
8 0.5114285714285715 0.6611111111111111 0.18 0.675
8 0.6542857142857142 0.6611111111111111 0.17857142857142858 0.6777777777777778
6 0.3628571428571429 0.4444444444444444 0.06 0.2
6 0.5085714285714286 0.4388888888888889 0.06142857142857143 0.2
6 0.6514285714285715 0.425 0.06571428571428571 0.19166666666666668
5 0.3657142857142857 0.8583333333333333 0.04857142857142857 0.07777777777777778
5 0.5257142857142857 0.85 0.05 0.07777777777777778
5 0.6728571428571428 0.8305555555555556 0.05857142857142857 0.08888888888888889