9 0.3442857142857143 0.7388888888888889 0.12285714285714286 0.4361111111111111
9 0.49 0.7472222222222222 0.13142857142857142 0.4166666666666667
9 0.6428571428571429 0.7638888888888888 0.12857142857142856 0.44166666666666665
8 0.33714285714285713 0.6611111111111111 0.18857142857142858 0.675
8 0.48857142857142855 0.6555555555555556 0.19714285714285715 0.6888888888888889
8 0.6357142857142857 0.6638888888888889 0.19428571428571428 0.6694444444444444
6 0.35 0.425 0.06 0.18888888888888888
6 0.4942857142857143 0.44166666666666665 0.06285714285714286 0.19444444444444445
6 0.64 0.45 0.06428571428571428 0.20555555555555555
5 0.33 0.8277777777777777 0.055714285714285716 0.08333333333333333
5 0.6314285714285715 0.8583333333333333 0.05285714285714286 0.09444444444444444
5 0.5614285714285714 0.9583333333333334 0.027142857142857142 0.08333333333333333