9 0.3157142857142857 0.37777777777777777 0.08321428571428571 0.24513888888888888
9 0.4114285714285714 0.44722222222222224 0.08 0.2826388888888889
9 0.5942857142857143 0.475 0.21785714285714286 0.5708333333333333
9 0.39571428571428574 0.7611111111111111 0.09142857142857143 0.16666666666666666
9 0.32 0.8055555555555556 0.08 0.17152777777777778
8 0.3992857142857143 0.8 0.11857142857142858 0.4
8 0.31214285714285717 0.8208333333333333 0.11857142857142858 0.35833333333333334
8 0.32142857142857145 0.37777777777777777 0.14285714285714285 0.46041666666666664
8 0.4085714285714286 0.39166666666666666 0.09178571428571429 0.4048611111111111
6 0.32142857142857145 0.2222222222222222 0.08214285714285714 0.15416666666666667
6 0.40714285714285714 0.2638888888888889 0.0775 0.17222222222222222
6 0.30857142857142855 0.7055555555555556 0.056428571428571425 0.12152777777777778
6 0.38857142857142857 0.6611111111111111 0.06785714285714285 0.10486111111111111