9 0.3157142857142857 0.37777777777777777 0.08892857142857143 0.25069444444444444
9 0.4114285714285714 0.44722222222222224 0.06928571428571428 0.27361111111111114
9 0.5942857142857143 0.475 0.21214285714285713 0.5618055555555556
9 0.39571428571428574 0.7611111111111111 0.095 0.1763888888888889
9 0.32 0.8055555555555556 0.07464285714285715 0.16111111111111112
8 0.3992857142857143 0.8013888888888889 0.11571428571428571 0.3972222222222222
8 0.31214285714285717 0.8194444444444444 0.12142857142857143 0.3611111111111111
8 0.32142857142857145 0.37777777777777777 0.13107142857142856 0.45
8 0.4085714285714286 0.39166666666666666 0.10035714285714285 0.41041666666666665
6 0.32142857142857145 0.2222222222222222 0.08357142857142857 0.15694444444444444
6 0.40714285714285714 0.2638888888888889 0.07392857142857143 0.16597222222222222
6 0.30857142857142855 0.7055555555555556 0.054642857142857146 0.11736111111111111
6 0.38857142857142857 0.6611111111111111 0.07107142857142858 0.1125