9 0.3157142857142857 0.37777777777777777 0.07857142857142857 0.2388888888888889
9 0.4114285714285714 0.44722222222222224 0.06571428571428571 0.2722222222222222
9 0.5942857142857143 0.475 0.18857142857142858 0.5333333333333333
9 0.39571428571428574 0.7611111111111111 0.09 0.16111111111111112
9 0.32 0.8055555555555556 0.07142857142857142 0.15555555555555556
8 0.4 0.8027777777777778 0.10428571428571429 0.3888888888888889
8 0.31285714285714283 0.825 0.09857142857142857 0.35
8 0.32142857142857145 0.37777777777777777 0.11857142857142858 0.4388888888888889
8 0.4085714285714286 0.39166666666666666 0.08571428571428572 0.4
6 0.32142857142857145 0.2222222222222222 0.07857142857142857 0.14444444444444443
6 0.40714285714285714 0.2638888888888889 0.07285714285714286 0.1638888888888889
6 0.30857142857142855 0.7055555555555556 0.05142857142857143 0.11388888888888889
6 0.38857142857142857 0.6611111111111111 0.06571428571428571 0.1