2 0.4057142857142857 0.14722222222222223 0.02214285714285714 0.04375
2 0.5885714285714285 0.18611111111111112 0.023214285714285715 0.05486111111111111
2 0.48428571428571426 0.20833333333333334 0.02 0.05
8 0.4114285714285714 0.525 0.07357142857142857 0.5784722222222223
8 0.48714285714285716 0.5972222222222222 0.10321428571428572 0.5104166666666666
8 0.59 0.4083333333333333 0.06857142857142857 0.5104166666666666
8 0.48 0.26944444444444443 0.05071428571428571 0.1673611111111111
8 0.3985714285714286 0.26666666666666666 0.065 0.2826388888888889
6 0.4 0.275 0.05142857142857143 0.1284722222222222
6 0.48714285714285716 0.37777777777777777 0.060714285714285714 0.1125
3 0.5928571428571429 0.20833333333333334 0.04 0.11805555555555555
3 0.48714285714285716 0.22777777777777777 0.02642857142857143 0.08958333333333333
3 0.4057142857142857 0.17222222222222222 0.04321428571428571 0.11666666666666667
0 0.5628571428571428 0.6138888888888889 0.039285714285714285 0.11666666666666667
0 0.5971428571428572 0.6111111111111112 0.03678571428571428 0.12361111111111112
7 0.5957142857142858 0.3611111111111111 0.08035714285714286 0.23472222222222222
7 0.48857142857142855 0.5305555555555556 0.07392857142857143 0.24513888888888888
7 0.4085714285714286 0.44166666666666665 0.085 0.25972222222222224