2 0.4057142857142857 0.14722222222222223 0.02 0.041666666666666664
2 0.5885714285714285 0.18611111111111112 0.02142857142857143 0.05277777777777778
2 0.48428571428571426 0.20833333333333334 0.018571428571428572 0.04722222222222222
8 0.4114285714285714 0.525 0.06714285714285714 0.5777777777777777
8 0.48714285714285716 0.5972222222222222 0.07857142857142857 0.5
8 0.59 0.4083333333333333 0.06 0.5083333333333333
8 0.48 0.26944444444444443 0.04857142857142857 0.16666666666666666
8 0.3985714285714286 0.26666666666666666 0.05285714285714286 0.275
6 0.4 0.275 0.05142857142857143 0.13055555555555556
6 0.48714285714285716 0.37777777777777777 0.06142857142857143 0.11388888888888889
3 0.5928571428571429 0.20833333333333334 0.03857142857142857 0.11666666666666667
3 0.48714285714285716 0.22777777777777777 0.025714285714285714 0.08888888888888889
3 0.4057142857142857 0.17222222222222222 0.041428571428571426 0.11388888888888889
0 0.5628571428571428 0.6138888888888889 0.037142857142857144 0.11388888888888889
0 0.5971428571428572 0.6111111111111112 0.03428571428571429 0.125
7 0.5957142857142858 0.3611111111111111 0.07285714285714286 0.22777777777777777
7 0.48857142857142855 0.5305555555555556 0.06571428571428571 0.2388888888888889
7 0.4085714285714286 0.44166666666666665 0.07714285714285714 0.25277777777777777