2 0.4057142857142857 0.14722222222222223 0.02214285714285714 0.04375
2 0.5885714285714285 0.18611111111111112 0.023214285714285715 0.05138888888888889
2 0.48428571428571426 0.20833333333333334 0.019642857142857142 0.049305555555555554
8 0.4114285714285714 0.525 0.0975 0.5840277777777778
8 0.48714285714285716 0.5972222222222222 0.09964285714285714 0.5069444444444444
8 0.59 0.4083333333333333 0.07714285714285714 0.5118055555555555
8 0.48 0.26944444444444443 0.048928571428571425 0.16666666666666666
8 0.3985714285714286 0.26666666666666666 0.054285714285714284 0.27708333333333335
6 0.4 0.275 0.05392857142857143 0.1326388888888889
6 0.48714285714285716 0.37777777777777777 0.06035714285714286 0.11180555555555556
3 0.5928571428571429 0.20833333333333334 0.04357142857142857 0.12291666666666666
3 0.48714285714285716 0.22777777777777777 0.030714285714285715 0.09375
3 0.4057142857142857 0.17222222222222222 0.04321428571428571 0.11597222222222223
0 0.5628571428571428 0.6138888888888889 0.040357142857142855 0.11805555555555555
0 0.5971428571428572 0.6111111111111112 0.040357142857142855 0.1284722222222222
7 0.5957142857142858 0.3611111111111111 0.07678571428571429 0.23333333333333334
7 0.48857142857142855 0.5305555555555556 0.06857142857142857 0.24027777777777778
7 0.4085714285714286 0.44166666666666665 0.08607142857142858 0.2611111111111111