9 0.6285714285714286 0.6166666666666667 0.2571428571428571 0.7659722222222223
9 0.29714285714285715 0.6472222222222223 0.054642857142857146 0.3958333333333333
9 0.4421428571428571 0.6527777777777778 0.18714285714285714 0.6944444444444444
9 0.2757142857142857 0.6583333333333333 0.05392857142857143 0.32916666666666666
9 0.3314285714285714 0.6722222222222223 0.08071428571428571 0.49027777777777776
9 0.3792857142857143 0.7236111111111111 0.07285714285714286 0.5527777777777778
8 0.645 0.5 0.2757142857142857 1
8 0.44857142857142857 0.6055555555555555 0.11142857142857143 0.7888888888888889
8 0.38 0.6666666666666666 0.04285714285714286 0.6659722222222222
8 0.32857142857142857 0.6722222222222223 0.06 0.6236111111111111
8 0.29214285714285715 0.6875 0.03857142857142857 0.625
6 0.6007142857142858 0.18611111111111112 0.12428571428571429 0.37222222222222223
6 0.4342857142857143 0.3277777777777778 0.07428571428571429 0.25625
6 0.38 0.40555555555555556 0.06357142857142857 0.1840277777777778
6 0.34 0.42777777777777776 0.052142857142857144 0.15
6 0.30142857142857143 0.4305555555555556 0.04 0.1284722222222222
6 0.2757142857142857 0.49444444444444446 0.03428571428571429 0.0875