9 0.6271428571428571 0.6097222222222223 0.28285714285714286 0.7805555555555556
9 0.29428571428571426 0.6305555555555555 0.04642857142857143 0.3784722222222222
9 0.2742857142857143 0.6555555555555556 0.048928571428571425 0.3347222222222222
9 0.4392857142857143 0.6541666666666667 0.1757142857142857 0.6916666666666667
9 0.32857142857142857 0.6666666666666666 0.09785714285714285 0.49930555555555556
9 0.36214285714285716 0.7083333333333334 0.12428571428571429 0.5833333333333334
6 0.6185714285714285 0.20555555555555555 0.16785714285714284 0.38958333333333334
6 0.4328571428571429 0.3416666666666667 0.08035714285714286 0.23333333333333334
6 0.3842857142857143 0.41388888888888886 0.065 0.1736111111111111
6 0.3385714285714286 0.4222222222222222 0.055 0.17222222222222222
6 0.2985714285714286 0.4361111111111111 0.04857142857142857 0.12777777777777777
8 0.6285714285714286 0.5 0.28285714285714286 1