9 0.6271428571428571 0.6097222222222223 0.29428571428571426 0.7805555555555556
9 0.2957142857142857 0.6416666666666667 0.05107142857142857 0.3951388888888889
9 0.27 0.6527777777777778 0.05142857142857143 0.3375
9 0.44142857142857145 0.6569444444444444 0.16857142857142857 0.6861111111111111
9 0.32571428571428573 0.6722222222222223 0.09785714285714285 0.4986111111111111
9 0.3607142857142857 0.7152777777777778 0.09857142857142857 0.5694444444444444
8 0.6321428571428571 0.5 0.27 1
8 0.45357142857142857 0.6041666666666666 0.13 0.7916666666666666
8 0.3742857142857143 0.6638888888888889 0.04857142857142857 0.6715277777777777
8 0.325 0.6736111111111112 0.08428571428571428 0.6527777777777778
8 0.2957142857142857 0.7 0.04321428571428571 0.6
8 0.26857142857142857 0.7083333333333334 0.06 0.5826388888888889
6 0.6114285714285714 0.19722222222222222 0.14857142857142858 0.38333333333333336
6 0.4328571428571429 0.33055555555555555 0.11464285714285714 0.2833333333333333