9 0.625 0.6083333333333333 0.2814285714285714 0.7833333333333333
9 0.30142857142857143 0.6333333333333333 0.06535714285714286 0.36180555555555555
9 0.27285714285714285 0.6527777777777778 0.03785714285714286 0.3284722222222222
9 0.44285714285714284 0.6583333333333333 0.15964285714285714 0.6826388888888889
9 0.3271428571428571 0.6666666666666666 0.10535714285714286 0.49375
9 0.375 0.7208333333333333 0.07857142857142857 0.5583333333333333
8 0.6414285714285715 0.5 0.2742857142857143 1
8 0.4407142857142857 0.5986111111111111 0.15571428571428572 0.8027777777777778
8 0.3792857142857143 0.6486111111111111 0.06714285714285714 0.7027777777777777
8 0.33 0.6555555555555556 0.06535714285714286 0.6888888888888889
8 0.2892857142857143 0.6819444444444445 0.06428571428571428 0.6361111111111111
6 0.6 0.20277777777777778 0.14 0.3625
6 0.43714285714285717 0.33055555555555555 0.0975 0.25069444444444444
6 0.38 0.4083333333333333 0.04607142857142857 0.17777777777777778
6 0.3314285714285714 0.425 0.052142857142857144 0.21180555555555555
6 0.3 0.4583333333333333 0.039285714285714285 0.1673611111111111
6 0.26857142857142857 0.525 0.028214285714285713 0.11041666666666666