9 0.6257142857142857 0.6013888888888889 0.3057142857142857 0.7972222222222223
9 0.30142857142857143 0.6333333333333333 0.04928571428571429 0.35625
9 0.27285714285714285 0.6527777777777778 0.03428571428571429 0.3277777777777778
9 0.44285714285714284 0.6583333333333333 0.15964285714285714 0.6826388888888889
9 0.3271428571428571 0.6666666666666666 0.10035714285714285 0.49375
9 0.375 0.7208333333333333 0.08142857142857143 0.5583333333333333
8 0.6414285714285715 0.5 0.2571428571428571 1
8 0.4407142857142857 0.5986111111111111 0.15571428571428572 0.8027777777777778
8 0.38 0.65 0.06035714285714286 0.7
8 0.33 0.6555555555555556 0.07714285714285714 0.6875
8 0.29 0.6833333333333333 0.07642857142857143 0.6333333333333333
6 0.6 0.20277777777777778 0.14214285714285715 0.3659722222222222
6 0.43714285714285717 0.33055555555555555 0.09464285714285714 0.24930555555555556
6 0.38 0.4083333333333333 0.05071428571428571 0.18194444444444444
6 0.3314285714285714 0.425 0.05071428571428571 0.21041666666666667
6 0.3 0.4583333333333333 0.0425 0.17152777777777778
6 0.26857142857142857 0.525 0.022857142857142857 0.10625