9 0.6257142857142857 0.6138888888888889 0.26142857142857145 0.7694444444444445
9 0.30142857142857143 0.6333333333333333 0.04857142857142857 0.35833333333333334
9 0.27285714285714285 0.6527777777777778 0.03428571428571429 0.3277777777777778
9 0.44285714285714284 0.6583333333333333 0.15285714285714286 0.6777777777777778
9 0.3271428571428571 0.6666666666666666 0.07571428571428572 0.48333333333333334
9 0.3757142857142857 0.7222222222222222 0.06857142857142857 0.5527777777777778
8 0.6414285714285715 0.5 0.23142857142857143 1
8 0.44142857142857145 0.6027777777777777 0.11714285714285715 0.7944444444444444
8 0.38 0.65 0.04857142857142857 0.6972222222222222
8 0.33 0.6555555555555556 0.03857142857142857 0.6861111111111111
8 0.29 0.6833333333333333 0.04 0.6333333333333333
6 0.6 0.20277777777777778 0.13428571428571429 0.35555555555555557
6 0.43714285714285717 0.33055555555555555 0.08714285714285715 0.2361111111111111
6 0.38 0.4083333333333333 0.047142857142857146 0.17777777777777778
6 0.3314285714285714 0.425 0.04428571428571428 0.20833333333333334
6 0.3 0.4583333333333333 0.03571428571428571 0.16666666666666666
6 0.26857142857142857 0.525 0.022857142857142857 0.10833333333333334