9 0.6271428571428571 0.6180555555555556 0.26285714285714284 0.7638888888888888
9 0.2957142857142857 0.6416666666666667 0.05178571428571429 0.3951388888888889
9 0.27 0.6527777777777778 0.04357142857142857 0.3375
9 0.44142857142857145 0.6583333333333333 0.15428571428571428 0.6777777777777778
9 0.32571428571428573 0.6722222222222223 0.08607142857142858 0.49444444444444446
9 0.3607142857142857 0.7138888888888889 0.10428571428571429 0.5722222222222222
8 0.6321428571428571 0.5 0.2785714285714286 1
8 0.4542857142857143 0.6041666666666666 0.12571428571428572 0.7916666666666666
8 0.37357142857142855 0.6625 0.08142857142857143 0.675
8 0.32571428571428573 0.675 0.05714285714285714 0.65
8 0.2957142857142857 0.7 0.054285714285714284 0.5993055555555555
8 0.26857142857142857 0.7083333333333334 0.06785714285714285 0.5819444444444445
6 0.6114285714285714 0.19722222222222222 0.13214285714285715 0.3659722222222222
6 0.4328571428571429 0.33055555555555555 0.11428571428571428 0.2826388888888889