9 0.6285714285714286 0.6166666666666667 0.2571428571428571 0.7638888888888888
9 0.29714285714285715 0.6472222222222223 0.04857142857142857 0.39444444444444443
9 0.44285714285714284 0.6583333333333333 0.15285714285714286 0.6777777777777778
9 0.2757142857142857 0.6583333333333333 0.03428571428571429 0.3277777777777778
9 0.3314285714285714 0.6722222222222223 0.07714285714285714 0.49166666666666664
9 0.38 0.725 0.06857142857142857 0.55
8 0.6457142857142857 0.5027777777777778 0.22142857142857142 0.9944444444444445
8 0.44857142857142857 0.6055555555555555 0.10857142857142857 0.7861111111111111
8 0.38 0.6666666666666666 0.03142857142857143 0.6638888888888889
8 0.32857142857142857 0.6722222222222223 0.047142857142857146 0.625
8 0.29214285714285715 0.6875 0.03857142857142857 0.625
6 0.6014285714285714 0.18611111111111112 0.12142857142857143 0.37222222222222223
6 0.4342857142857143 0.3277777777777778 0.07428571428571429 0.25833333333333336
6 0.38 0.40555555555555556 0.05857142857142857 0.17777777777777778
6 0.34 0.42777777777777776 0.04857142857142857 0.14444444444444443
6 0.30142857142857143 0.4305555555555556 0.03857142857142857 0.125
6 0.2757142857142857 0.49444444444444446 0.032857142857142856 0.08333333333333333