9 0.6285714285714286 0.6097222222222223 0.28 0.7805555555555556
9 0.29714285714285715 0.6472222222222223 0.06321428571428571 0.3993055555555556
9 0.4421428571428571 0.6555555555555556 0.17 0.6888888888888889
9 0.2757142857142857 0.6583333333333333 0.04357142857142857 0.32916666666666666
9 0.3314285714285714 0.6722222222222223 0.10821428571428572 0.5
9 0.3792857142857143 0.7236111111111111 0.07571428571428572 0.5527777777777778
8 0.645 0.5 0.2842857142857143 1
8 0.44857142857142857 0.6027777777777777 0.1457142857142857 0.7944444444444444
8 0.38 0.6666666666666666 0.06321428571428571 0.6652777777777777
8 0.32857142857142857 0.6722222222222223 0.054285714285714284 0.6236111111111111
8 0.2914285714285714 0.6861111111111111 0.06571428571428571 0.6277777777777778
6 0.6007142857142858 0.18888888888888888 0.13285714285714287 0.37777777777777777
6 0.4342857142857143 0.3277777777777778 0.08857142857142856 0.26805555555555555
6 0.38 0.40555555555555556 0.06571428571428571 0.1875
6 0.34 0.42777777777777776 0.048928571428571425 0.1451388888888889
6 0.30142857142857143 0.4305555555555556 0.04 0.1284722222222222
6 0.2757142857142857 0.49444444444444446 0.03428571428571429 0.0875