9 0.6264285714285714 0.6166666666666667 0.2671428571428571 0.7666666666666667
9 0.2957142857142857 0.6416666666666667 0.055 0.3951388888888889
9 0.27 0.6527777777777778 0.05357142857142857 0.3375
9 0.4407142857142857 0.6555555555555556 0.17285714285714285 0.6888888888888889
9 0.32571428571428573 0.6722222222222223 0.09178571428571429 0.4986111111111111
9 0.36142857142857143 0.7152777777777778 0.09142857142857143 0.5694444444444444
8 0.6321428571428571 0.5 0.26142857142857145 1
8 0.45357142857142857 0.6041666666666666 0.13285714285714287 0.7916666666666666
8 0.3742857142857143 0.6638888888888889 0.08607142857142858 0.6722222222222223
8 0.32571428571428573 0.6736111111111112 0.07428571428571429 0.6527777777777778
8 0.2957142857142857 0.7 0.05964285714285714 0.5993055555555555
8 0.26857142857142857 0.7083333333333334 0.05714285714285714 0.5826388888888889
6 0.6157142857142858 0.2222222222222222 0.15678571428571428 0.4284722222222222
6 0.4342857142857143 0.325 0.10357142857142858 0.2833333333333333