9 0.6271428571428571 0.6194444444444445 0.26 0.7583333333333333
9 0.2957142857142857 0.6416666666666667 0.041428571428571426 0.39166666666666666
9 0.27 0.6527777777777778 0.03428571428571429 0.3333333333333333
9 0.44142857142857145 0.6583333333333333 0.15428571428571428 0.6777777777777778
9 0.32571428571428573 0.6722222222222223 0.07142857142857142 0.4888888888888889
9 0.36142857142857143 0.7166666666666667 0.09 0.5666666666666667
8 0.6328571428571429 0.5027777777777778 0.24714285714285714 0.9944444444444445
8 0.4542857142857143 0.6055555555555555 0.11857142857142858 0.7861111111111111
8 0.3742857142857143 0.6638888888888889 0.04857142857142857 0.6694444444444444
8 0.32571428571428573 0.675 0.05142857142857143 0.6472222222222223
8 0.2957142857142857 0.7 0.03 0.5972222222222222
8 0.26857142857142857 0.7083333333333334 0.03 0.5833333333333334
6 0.6114285714285714 0.19722222222222222 0.12857142857142856 0.35833333333333334
6 0.4328571428571429 0.33055555555555555 0.10714285714285714 0.26944444444444443