9 0.6278571428571429 0.6083333333333333 0.2985714285714286 0.7833333333333333
9 0.3 0.6416666666666667 0.06535714285714286 0.3993055555555556
9 0.2757142857142857 0.6583333333333333 0.048928571428571425 0.3402777777777778
9 0.4421428571428571 0.6541666666666667 0.19285714285714287 0.6916666666666667
9 0.33 0.6666666666666666 0.08 0.46805555555555556
9 0.37642857142857145 0.7263888888888889 0.07857142857142857 0.5472222222222223
8 0.6335714285714286 0.5055555555555555 0.23 0.9888888888888889
8 0.45 0.6097222222222223 0.13142857142857142 0.7805555555555556
8 0.37214285714285716 0.6625 0.09571428571428571 0.675
8 0.3392857142857143 0.6708333333333333 0.09571428571428571 0.6583333333333333
8 0.29642857142857143 0.6875 0.09285714285714286 0.625
6 0.5978571428571429 0.18888888888888888 0.15857142857142856 0.37777777777777777
6 0.42714285714285716 0.34444444444444444 0.09428571428571429 0.24305555555555555
6 0.37714285714285717 0.40555555555555556 0.0625 0.17708333333333334
6 0.34 0.4166666666666667 0.052142857142857144 0.15416666666666667
6 0.2914285714285714 0.44166666666666665 0.048928571428571425 0.12222222222222222