9 0.6285714285714286 0.6194444444444445 0.2571428571428571 0.7583333333333333
9 0.3 0.6416666666666667 0.05142857142857143 0.39444444444444443
9 0.2757142857142857 0.6583333333333333 0.03 0.3416666666666667
9 0.44285714285714284 0.6611111111111111 0.15285714285714286 0.6777777777777778
9 0.33 0.6666666666666666 0.07571428571428572 0.46944444444444444
9 0.37714285714285717 0.7277777777777777 0.07 0.5444444444444444
8 0.6342857142857142 0.5083333333333333 0.21857142857142858 0.9833333333333333
8 0.45 0.6111111111111112 0.11857142857142858 0.775
8 0.37285714285714283 0.6638888888888889 0.06 0.6722222222222223
8 0.34 0.6722222222222223 0.06142857142857143 0.6555555555555556
8 0.29714285714285715 0.6888888888888889 0.054285714285714284 0.6194444444444445
6 0.5985714285714285 0.18333333333333332 0.13714285714285715 0.36666666666666664
6 0.42714285714285716 0.34444444444444444 0.08428571428571428 0.22777777777777777
6 0.37714285714285717 0.40555555555555556 0.054285714285714284 0.16944444444444445
6 0.34 0.4166666666666667 0.05 0.15
6 0.2914285714285714 0.44166666666666665 0.04428571428571428 0.11666666666666667