9 0.6271428571428571 0.6111111111111112 0.2885714285714286 0.7777777777777778
9 0.2957142857142857 0.6416666666666667 0.04857142857142857 0.39444444444444443
9 0.27 0.6527777777777778 0.03642857142857143 0.3333333333333333
9 0.44142857142857145 0.6583333333333333 0.15964285714285714 0.6784722222222223
9 0.32571428571428573 0.6722222222222223 0.08857142857142856 0.4951388888888889
9 0.3607142857142857 0.7152777777777778 0.10142857142857142 0.5694444444444444
8 0.6321428571428571 0.5 0.30142857142857143 1
8 0.4542857142857143 0.6041666666666666 0.12571428571428572 0.7916666666666666
8 0.37357142857142855 0.6625 0.07 0.675
8 0.325 0.6736111111111112 0.08428571428571428 0.6527777777777778
8 0.2957142857142857 0.7 0.03785714285714286 0.5993055555555555
8 0.26857142857142857 0.7083333333333334 0.06535714285714286 0.5819444444444445
6 0.6157142857142858 0.2222222222222222 0.1575 0.43194444444444446
6 0.4342857142857143 0.325 0.11428571428571428 0.2951388888888889