9 0.6285714285714286 0.6125 0.28 0.775
9 0.3 0.6416666666666667 0.054285714285714284 0.3951388888888889
9 0.2757142857142857 0.6583333333333333 0.0375 0.3402777777777778
9 0.4421428571428571 0.6597222222222222 0.15571428571428572 0.6805555555555556
9 0.33 0.6666666666666666 0.0775 0.4673611111111111
9 0.37714285714285717 0.725 0.09714285714285714 0.55
8 0.6335714285714286 0.5041666666666667 0.23857142857142857 0.9916666666666667
8 0.4492857142857143 0.6097222222222223 0.12428571428571429 0.7805555555555556
8 0.37214285714285716 0.6625 0.07857142857142857 0.675
8 0.3392857142857143 0.6708333333333333 0.07285714285714286 0.6583333333333333
8 0.29642857142857143 0.6875 0.06714285714285714 0.625
6 0.5985714285714285 0.18472222222222223 0.14285714285714285 0.36944444444444446
6 0.42714285714285716 0.34444444444444444 0.08357142857142857 0.22777777777777777
6 0.37714285714285717 0.40555555555555556 0.06 0.1763888888888889
6 0.34 0.4166666666666667 0.05142857142857143 0.15069444444444444
6 0.2914285714285714 0.44166666666666665 0.04857142857142857 0.12222222222222222