9 0.6264285714285714 0.6055555555555555 0.30142857142857143 0.7888888888888889
9 0.29428571428571426 0.6305555555555555 0.0425 0.37777777777777777
9 0.2742857142857143 0.6555555555555556 0.04607142857142857 0.33402777777777776
9 0.44 0.6555555555555556 0.16285714285714287 0.6888888888888889
9 0.32857142857142857 0.6666666666666666 0.08607142857142858 0.49375
9 0.36214285714285716 0.7083333333333334 0.12428571428571429 0.5833333333333334
6 0.6185714285714285 0.20555555555555555 0.18285714285714286 0.4111111111111111
6 0.4328571428571429 0.3416666666666667 0.07714285714285714 0.22847222222222222
6 0.3842857142857143 0.41388888888888886 0.06892857142857142 0.18194444444444444
6 0.3385714285714286 0.4222222222222222 0.05714285714285714 0.17291666666666666
6 0.2985714285714286 0.4361111111111111 0.04857142857142857 0.12777777777777777
8 0.6285714285714286 0.5 0.2571428571428571 1